41800.00 82650.00
41966.67 82533.33
41983.33 82933.33
42033.33 82750.00
42033.33 82916.67
42050.00 82583.33
42100.00 82450.00
42100.00 83100.00
42133.33 82750.00
42150.00 82966.67
42166.67 82816.67
42233.33 82550.00
42250.00 81916.67
42250.00 82433.33
42283.33 83066.67
42300.00 82716.67
42300.00 83066.67
42316.67 82850.00
42316.67 82900.00
42316.67 82983.33
42316.67 83000.00
42333.33 82000.00
42333.33 82950.00
42333.33 83033.33
42400.00 82183.33
42433.33 81883.33
42550.00 81966.67
42566.67 81683.33
42583.33 82166.67
42583.33 82366.67
42600.00 81600.00
42633.33 80450.00
42650.00 80816.67
42666.67 81216.67
42700.00 81083.33
42716.67 81300.00
42716.67 82483.33
42750.00 81700.00
42783.33 80200.00
42783.33 80983.33
42783.33 81183.33
42800.00 80066.67
42816.67 81433.33
42816.67 82466.67
42833.33 80300.00
42850.00 80500.00
42850.00 82466.67
42866.67 79566.67
42866.67 80733.33
42883.33 79233.33
42883.33 82150.00
42900.00 78933.33
42900.00 79616.67
42933.33 80283.33
42950.00 80050.00
42950.00 81616.67
42950.00 81883.33
42950.00 82116.67
42966.67 79750.00
42966.67 82400.00
42983.33 79250.00
42983.33 80600.00
42983.33 81250.00
43000.00 82400.00
43033.33 79283.33
43033.33 80883.33
43033.33 81466.67
43066.67 79950.00
43083.33 79050.00
43100.00 79050.00
43100.00 79533.33
43100.00 80233.33
43100.00 82000.00
43116.67 79200.00
43116.67 81433.33
43133.33 79100.00
43133.33 80266.67
43133.33 80750.00
43150.00 79500.00
43166.67 79050.00
43166.67 79233.33
43166.67 79466.67
43166.67 81683.33
43166.67 81850.00
43183.33 81400.00
43200.00 79266.67
43200.00 79550.00
43200.00 80383.33
43216.67 79216.67
43216.67 79750.00
43233.33 80550.00
43250.00 79066.67
43250.00 79833.33
43250.00 81133.33
43266.67 79933.33
43283.33 80450.00
43283.33 81250.00
43283.33 81466.67
43300.00 81550.00
43316.67 79800.00
43316.67 80833.33
43316.67 81750.00
43333.33 79883.33
43333.33 80916.67
43333.33 81050.00
43350.00 80300.00
43350.00 81483.33
43366.67 80983.33
43383.33 80316.67
43383.33 80716.67
43400.00 80350.00
43400.00 80666.67
43433.33 79666.67
43433.33 80316.67
43433.33 81500.00
43450.00 65633.33
43450.00 80500.00
43466.67 80533.33
43466.67 81183.33
43483.33 80483.33
43516.67 65600.00
43516.67 65733.33
43516.67 79616.67
43516.67 79883.33
43516.67 81166.67
43533.33 79650.00
43550.00 79583.33
43550.00 80250.00
43550.00 81383.33
43566.67 65566.67
43566.67 80933.33
43566.67 81700.00
43583.33 79533.33
43583.33 79716.67
43600.00 65466.67
43600.00 79500.00
43600.00 80550.00
43600.00 81533.33
43616.67 80583.33
43633.33 65350.00
43633.33 65483.33
43633.33 79466.67
43633.33 80033.33
43650.00 79933.33
43666.67 79416.67
43683.33 79766.67
43683.33 80433.33
43700.00 65116.67
43700.00 65783.33
43700.00 79366.67
43700.00 79416.67
43700.00 79500.00
43700.00 79566.67
43700.00 79633.33
43700.00 80366.67
43716.67 79250.00
43716.67 79483.33
43716.67 79566.67
43733.33 65966.67
43733.33 79250.00
43733.33 79333.33
43733.33 80966.67
43733.33 81700.00
43750.00 66116.67
43750.00 79200.00
43750.00 79416.67
43766.67 65316.67
43766.67 80066.67
43783.33 79250.00
43783.33 79266.67
43783.33 79416.67
43783.33 79600.00
43783.33 79933.33
43800.00 65850.00
43800.00 79416.67
43833.33 65066.67
43833.33 66116.67
43833.33 80533.33
43833.33 80850.00
43850.00 65966.67
43850.00 66150.00
43850.00 79016.67
43866.67 78933.33
43866.67 79033.33
43866.67 79266.67
43866.67 79433.33
43866.67 79866.67
43866.67 80000.00
43883.33 66083.33
43883.33 79733.33
43883.33 81300.00
43900.00 78683.33
43900.00 78866.67
43900.00 80316.67
43916.67 78583.33
43916.67 80083.33
43916.67 80883.33
43933.33 64850.00
43933.33 79533.33
43933.33 81250.00
43950.00 64816.67
43950.00 77350.00
43950.00 78300.00
43950.00 81516.67
43966.67 66133.33
43966.67 78166.67
43966.67 79250.00
43966.67 80733.33
43983.33 66016.67
43983.33 81283.33
44000.00 77233.33
44000.00 79466.67
44016.67 77150.00
44016.67 77883.33
44016.67 78716.67
44016.67 78966.67
44016.67 79800.00
44033.33 64716.67
44033.33 77733.33
44033.33 81116.67
44050.00 64750.00
44050.00 66166.67
44050.00 76933.33
44050.00 78800.00
44050.00 79450.00
44050.00 80933.33
44066.67 78366.67
44066.67 80200.00
44066.67 81583.33
44083.33 66033.33
44083.33 77366.67
44083.33 81133.33
44100.00 77583.33
44100.00 78633.33
44100.00 78933.33
44100.00 79116.67
44116.67 79566.67
44133.33 64650.00
44133.33 78183.33
44133.33 78666.67
44133.33 81150.00
44150.00 76766.67
44150.00 78450.00
44150.00 79866.67
44150.00 81033.33
44166.67 77383.33
44166.67 80383.33
44166.67 81633.33
44183.33 66150.00
44183.33 76766.67
44183.33 78566.67
44183.33 80816.67
44200.00 76750.00
44200.00 77033.33
44200.00 77600.00
44200.00 81233.33
44216.67 76533.33
44216.67 76866.67
44216.67 77366.67
44233.33 64450.00
44233.33 76483.33
44233.33 76616.67
44233.33 77033.33
44233.33 79050.00
44250.00 64550.00
44250.00 76950.00
44250.00 77816.67
44250.00 78166.67
44250.00 79466.67
44250.00 79583.33
44250.00 80550.00
44266.67 64600.00
44266.67 66316.67
44266.67 66350.00
44266.67 79550.00
44266.67 79883.33
44283.33 64366.67
44283.33 79916.67
44300.00 64366.67
44300.00 76566.67
44300.00 77550.00
44300.00 77600.00
44300.00 77800.00
44300.00 77950.00
44300.00 78333.33
44300.00 78550.00
44300.00 79366.67
44300.00 81100.00
44300.00 81283.33
44316.67 64416.67
44316.67 79200.00
44316.67 79883.33
44316.67 80100.00
44316.67 80533.33
44316.67 80650.00
44333.33 66116.67
44333.33 76166.67
44333.33 76333.33
44333.33 76866.67
44350.00 64250.00
44350.00 78733.33
44350.00 79033.33
44350.00 79783.33
44366.67 64316.67
44366.67 64516.67
44366.67 65033.33
44366.67 75933.33
44366.67 76516.67
44366.67 76766.67
44383.33 64966.67
44383.33 66216.67
44383.33 77016.67
44383.33 77983.33
44383.33 78200.00
44383.33 79700.00
44416.67 65983.33
44416.67 79000.00
44416.67 80083.33
44433.33 64366.67
44433.33 75950.00
44433.33 77450.00
44433.33 77616.67
44433.33 77883.33
44433.33 78266.67
44433.33 79150.00
44433.33 81383.33
44450.00 64850.00
44450.00 78633.33
44450.00 79733.33
44450.00 80883.33
44466.67 63600.00
44466.67 63716.67
44466.67 63800.00
44466.67 76883.33
44466.67 76983.33
44466.67 77300.00
44483.33 76683.33
44483.33 77683.33
44500.00 79466.67
44500.00 80216.67
44500.00 81366.67
44516.67 77216.67
44516.67 77483.33
44516.67 77616.67
44516.67 79616.67
44533.33 64233.33
44533.33 66016.67
44533.33 77783.33
44533.33 78550.00
44533.33 78750.00
44533.33 81166.67
44550.00 64716.67
44550.00 77333.33
44550.00 78333.33
44550.00 79183.33
44550.00 80450.00
44566.67 65633.33
44566.67 80800.00
44566.67 80850.00
44583.33 64066.67
44583.33 75683.33
44583.33 79866.67
44600.00 65750.00
44600.00 78933.33
44600.00 79366.67
44600.00 79416.67
44600.00 80583.33
44600.00 81133.33
44616.67 63483.33
44633.33 63350.00
44633.33 64050.00
44633.33 64850.00
44633.33 65650.00
44633.33 75850.00
44633.33 77283.33
44633.33 80950.00
44650.00 63266.67
44650.00 63550.00
44650.00 63600.00
44650.00 65633.33
44650.00 66850.00
44650.00 75650.00
44650.00 76250.00
44650.00 76316.67
44650.00 76716.67
44650.00 77116.67
44650.00 77550.00
44650.00 79033.33
44650.00 79266.67
44666.67 63566.67
44666.67 63950.00
44666.67 76683.33
44666.67 77333.33
44666.67 78800.00
44683.33 75966.67
44683.33 76400.00
44683.33 79883.33
44700.00 63883.33
44716.67 63233.33
44716.67 64800.00
44716.67 65216.67
44716.67 75516.67
44716.67 78933.33
44716.67 79816.67
44728.89 63664.44
44733.33 64450.00
44733.33 64700.00
44733.33 65516.67
44733.33 76850.00
44733.33 81133.33
44750.00 65516.67
44750.00 78083.33
44750.00 79333.33
44750.00 79700.00
44750.00 79766.67
44750.00 79816.67
44750.00 79900.00
44766.67 66750.00
44766.67 76683.33
44766.67 79333.33
44766.67 79933.33
44783.33 63150.00
44783.33 75366.67
44783.33 78650.00
44800.00 62700.00
44800.00 65050.00
44800.00 79716.67
44816.67 65516.67
44816.67 77616.67
44850.00 65150.00
44850.00 75316.67
44850.00 77833.33
44850.00 79500.00
44883.33 63833.33
44883.33 65166.67
44883.33 66950.00
44883.33 76233.33
44900.00 62416.67
44900.00 75183.33
44900.00 76016.67
44900.00 78383.33
44916.67 62383.33
44916.67 63233.33
44916.67 75833.33
44916.67 79366.67
44933.33 62533.33
44933.33 76683.33
44933.33 78733.33
44950.00 65066.67
44950.00 65266.67
44950.00 75066.67
44966.67 62116.67
44966.67 62250.00
44966.67 63516.67
44966.67 63966.67
44983.33 64133.33
44983.33 64900.00
44983.33 77733.33
44983.33 79566.67
44983.33 81250.00
45000.00 66933.33
45000.00 72100.00
45000.00 75000.00
45000.00 79300.00
45016.67 65166.67
45016.67 72083.33
45016.67 72150.00
45016.67 74366.67
45016.67 74400.00
45016.67 74733.33
45016.67 75633.33
45016.67 76833.33
45016.67 79616.67
45033.33 62000.00
45033.33 64733.33
45033.33 64833.33
45033.33 65066.67
45033.33 74900.00
45033.33 76700.00
45033.33 78216.67
45033.33 78516.67
45033.33 79300.00
45050.00 63133.33
45050.00 66900.00
45050.00 73600.00
45050.00 77850.00
45050.00 78800.00
45050.00 79400.00
45066.67 61900.00
45066.67 63950.00
45066.67 64183.33
45066.67 64500.00
45066.67 64633.33
45066.67 64800.00
45066.67 67033.33
45066.67 78083.33
45066.67 78900.00
45083.33 63400.00
45083.33 64366.67
45083.33 64400.00
45083.33 66416.67
45083.33 73366.67
45083.33 74183.33
45100.00 64250.00
45100.00 64933.33
45100.00 72616.67
45100.00 73750.00
45100.00 75216.67
45100.00 75350.00
45116.67 62016.67
45116.67 64533.33
45116.67 66683.33
45116.67 72983.33
45116.67 77866.67
45133.33 61983.33
45133.33 62950.00
45133.33 63350.00
45133.33 66583.33
45133.33 66816.67
45133.33 71800.00
45133.33 73283.33
45133.33 74000.00
45133.33 74350.00
45133.33 74483.33
45133.33 74500.00
45133.33 75083.33
45133.33 76133.33
45133.33 79766.67
45150.00 64166.67
45150.00 77250.00
45166.67 64366.67
45166.67 67300.00
45166.67 72033.33
45166.67 74133.33
45166.67 81333.33
45183.33 61650.00
45183.33 61666.67
45183.33 63716.67
45183.33 63883.33
45183.33 64450.00
45183.33 66333.33
45183.33 73400.00
45183.33 73850.00
45183.33 75833.33
45200.00 64116.67
45200.00 64616.67
45200.00 67266.67
45200.00 71500.00
45200.00 72750.00
45200.00 73866.67
45216.67 61366.67
45216.67 61733.33
45216.67 64016.67
45216.67 67133.33
45216.67 72516.67
45216.67 73300.00
45216.67 76200.00
45216.67 77400.00
45216.67 79333.33
45233.33 61200.00
45233.33 73800.00
45233.33 74250.00
45233.33 77933.33
45233.33 78883.33
45250.00 62016.67
45250.00 63283.33
45250.00 63466.67
45250.00 66100.00
45250.00 73600.00
45250.00 74133.33
45250.00 75916.67
45250.00 77116.67
45250.00 81666.67
45266.67 62066.67
45266.67 63866.67
45266.67 66066.67
45266.67 71516.67
45266.67 72150.00
45266.67 74233.33
45283.33 67266.67
45283.33 71883.33
45283.33 72116.67
45283.33 72966.67
45283.33 74050.00
45283.33 74233.33
45283.33 74850.00
45300.00 64400.00
45300.00 66200.00
45300.00 72266.67
45300.00 72316.67
45300.00 73250.00
45300.00 74633.33
45300.00 75083.33
45300.00 75883.33
45300.00 76716.67
45300.00 78033.33
45300.00 79933.33
45316.67 63516.67
45316.67 63783.33
45316.67 67200.00
45316.67 73233.33
45316.67 73850.00
45316.67 73866.67
45316.67 73933.33
45316.67 74050.00
45316.67 80083.33
45333.33 64766.67
45333.33 64783.33
45333.33 73816.67
45333.33 75250.00
45333.33 75600.00
45333.33 75683.33
45333.33 75900.00
45333.33 76283.33
45333.33 79216.67
45333.33 80033.33
45350.00 61000.00
45350.00 61250.00
45350.00 64716.67
45350.00 64816.67
45350.00 65533.33
45350.00 66233.33
45350.00 72516.67
45350.00 73466.67
45350.00 74500.00
45350.00 75933.33
45350.00 76033.33
45366.67 63300.00
45366.67 71866.67
45366.67 73550.00
45366.67 73750.00
45366.67 73983.33
45366.67 75800.00
45366.67 75883.33
45366.67 76483.33
45366.67 76983.33
45366.67 77616.67
45383.33 61983.33
45383.33 63916.67
45383.33 66000.00
45383.33 70866.67
45383.33 72733.33
45383.33 73516.67
45383.33 73750.00
45383.33 74016.67
45383.33 75800.00
45383.33 79783.33
45400.00 61500.00
45400.00 62183.33
45400.00 62500.00
45400.00 63700.00
45400.00 64316.67
45400.00 71900.00
45400.00 72033.33
45400.00 73000.00
45400.00 73583.33
45400.00 73916.67
45400.00 73933.33
45400.00 74033.33
45400.00 75850.00
45400.00 78083.33
45416.67 63033.33
45416.67 63383.33
45416.67 63600.00
45416.67 64033.33
45416.67 64550.00
45416.67 67183.33
45416.67 71616.67
45416.67 72583.33
45416.67 73500.00
45416.67 73650.00
45416.67 73666.67
45416.67 73683.33
45416.67 75700.00
45416.67 80100.00
45433.33 63466.67
45433.33 63516.67
45433.33 72883.33
45433.33 73166.67
45433.33 73650.00
45433.33 73750.00
45433.33 73833.33
45433.33 73966.67
45433.33 75650.00
45433.33 75733.33
45433.33 76366.67
45450.00 66350.00
45450.00 71766.67
45450.00 73266.67
45450.00 73300.00
45450.00 73483.33
45450.00 73566.67
45450.00 73583.33
45450.00 73650.00
45450.00 73666.67
45450.00 73750.00
45450.00 73850.00
45450.00 74116.67
45450.00 74150.00
45450.00 74166.67
45450.00 75066.67
45450.00 75250.00
45450.00 75683.33
45450.00 77316.67
45450.00 79250.00
45466.67 62700.00
45466.67 63600.00
45466.67 64783.33
45466.67 65883.33
45466.67 70850.00
45466.67 71933.33
45466.67 73466.67
45466.67 73883.33
45466.67 74083.33
45466.67 74300.00
45466.67 75516.67
45466.67 75700.00
45466.67 76400.00
45466.67 76683.33
45483.33 61033.33
45483.33 71666.67
45483.33 72316.67
45483.33 72600.00
45483.33 73500.00
45483.33 73600.00
45483.33 73866.67
45483.33 73900.00
45483.33 75600.00
45483.33 75650.00
45483.33 77683.33
45483.33 79466.67
45500.00 72900.00
45500.00 73483.33
45500.00 73500.00
45500.00 73583.33
45500.00 73816.67
45500.00 73966.67
45500.00 74033.33
45500.00 75816.67
45500.00 78000.00
45500.00 78233.33
45516.67 61016.67
45516.67 64333.33
45516.67 73616.67
45516.67 73650.00
45516.67 73666.67
45516.67 74650.00
45516.67 75866.67
45516.67 76000.00
45516.67 76233.33
45516.67 76416.67
45516.67 79300.00
45516.67 80283.33
45533.33 65833.33
45533.33 71283.33
45533.33 73166.67
45533.33 73216.67
45533.33 73350.00
45533.33 73483.33
45533.33 73516.67
45533.33 73700.00
45533.33 73716.67
45533.33 73816.67
45533.33 73883.33
45533.33 75283.33
45533.33 77100.00
45533.33 79316.67
45550.00 62716.67
45550.00 63550.00
45550.00 73233.33
45550.00 73666.67
45550.00 73700.00
45550.00 73733.33
45550.00 73866.67
45550.00 74866.67
45550.00 75416.67
45550.00 77416.67
45550.00 78600.00
45550.00 82016.67
45566.67 62650.00
45566.67 63000.00
45566.67 73200.00
45566.67 73616.67
45566.67 73650.00
45566.67 73850.00
45566.67 73900.00
45566.67 76766.67
45583.33 60966.67
45583.33 62183.33
45583.33 62633.33
45583.33 67333.33
45583.33 70883.33
45583.33 72000.00
45583.33 73516.67
45583.33 73600.00
45583.33 75233.33
45583.33 75416.67
45583.33 77250.00
45600.00 61350.00
45600.00 61366.67
45600.00 64950.00
45600.00 73533.33
45600.00 73616.67
45600.00 73733.33
45600.00 76483.33
45600.00 79100.00
45600.00 80366.67
45616.67 61233.33
45616.67 61400.00
45616.67 61650.00
45616.67 61966.67
45616.67 62416.67
45616.67 62616.67
45616.67 63666.67
45616.67 64783.33
45616.67 66083.33
45616.67 71616.67
45616.67 72950.00
45616.67 73650.00
45616.67 73750.00
45616.67 73783.33
45616.67 74600.00
45616.67 74683.33
45616.67 75016.67
45616.67 76883.33
45616.67 78400.00
45616.67 79416.67
45633.33 60666.67
45633.33 61400.00
45633.33 64050.00
45633.33 66583.33
45633.33 72566.67
45633.33 72933.33
45633.33 73516.67
45633.33 73816.67
45633.33 73850.00
45633.33 74366.67
45633.33 74600.00
45633.33 75933.33
45633.33 78816.67
45633.33 80083.33
45650.00 60866.67
45650.00 61233.33
45650.00 61516.67
45650.00 62850.00
45650.00 72900.00
45650.00 73483.33
45650.00 73766.67
45650.00 74100.00
45650.00 74333.33
45650.00 74933.33
45650.00 76033.33
45650.00 81983.33
45666.67 62700.00
45666.67 66616.67
45666.67 72150.00
45666.67 73566.67
45666.67 79633.33
45683.33 61433.33
45683.33 63550.00
45683.33 64216.67
45683.33 64383.33
45683.33 66100.00
45683.33 66916.67
45683.33 67183.33
45683.33 73183.33
45683.33 73433.33
45683.33 73633.33
45683.33 74400.00
45683.33 76616.67
45700.00 60733.33
45700.00 61483.33
45700.00 62266.67
45700.00 64433.33
45700.00 71450.00
45700.00 73783.33
45716.67 60250.00
45716.67 61166.67
45716.67 61250.00
45716.67 63283.33
45716.67 64250.00
45716.67 65516.67
45716.67 67000.00
45716.67 73483.33
45716.67 75050.00
45733.33 63050.00
45733.33 63866.67
45733.33 64216.67
45733.33 73450.00
45733.33 76600.00
45733.33 76850.00
45733.33 81800.00
45750.00 62733.33
45750.00 64716.67
45750.00 70700.00
45750.00 73483.33
45766.67 66150.00
45766.67 71416.67
45766.67 72983.33
45766.67 73350.00
45766.67 73983.33
45766.67 74000.00
45766.67 75583.33
45766.67 79400.00
45766.67 80550.00
45783.33 63633.33
45783.33 71933.33
45783.33 72016.67
45783.33 73150.00
45783.33 75100.00
45783.33 80533.33
45800.00 61483.33
45800.00 63466.67
45800.00 65116.67
45800.00 71900.00
45800.00 74016.67
45800.00 75950.00
45816.67 73433.33
45816.67 77116.67
45816.67 82583.33
45833.33 60133.33
45833.33 63583.33
45833.33 64200.00
45833.33 71383.33
45833.33 71666.67
45833.33 72566.67
45850.00 63650.00
45850.00 66466.67
45850.00 70650.00
45850.00 73233.33
45850.00 73483.33
45850.00 73766.67
45850.00 76750.00
45850.00 79366.67
45866.67 61966.67
45866.67 65816.67
45866.67 74083.33
45883.33 61500.00
45883.33 64350.00
45883.33 66300.00
45883.33 66900.00
45883.33 67466.67
45883.33 72483.33
45883.33 72766.67
45883.33 73150.00
45883.33 73283.33
45883.33 80533.33
45883.33 80733.33
45900.00 61100.00
45900.00 71350.00
45900.00 71650.00
45900.00 72516.67
45900.00 74166.67
45900.00 77283.33
45900.00 82250.00
45900.00 82833.33
45916.67 59983.33
45916.67 64650.00
45916.67 67033.33
45916.67 76916.67
45916.67 79983.33
45916.67 82466.67
45916.67 83116.67
45933.33 60000.00
45933.33 61016.67
45933.33 65166.67
45933.33 72433.33
45950.00 60783.33
45950.00 60900.00
45950.00 64683.33
45950.00 66633.33
45950.00 71983.33
45950.00 73583.33
45950.00 74150.00
45950.00 75950.00
45950.00 79600.00
45966.67 60816.67
45966.67 61116.67
45966.67 62566.67
45966.67 66583.33
45966.67 66633.33
45966.67 67233.33
45966.67 70950.00
45966.67 71816.67
45966.67 72383.33
45966.67 73216.67
45966.67 73466.67
45966.67 73716.67
45966.67 81933.33
45983.33 60983.33
45983.33 66200.00
45983.33 67600.00
45983.33 79366.67
45983.33 80716.67
46000.00 59850.00
46000.00 64550.00
46000.00 65316.67
46000.00 67466.67
46000.00 72916.67
46016.67 60650.00
46016.67 62483.33
46016.67 62533.33
46016.67 62883.33
46016.67 66833.33
46016.67 73166.67
46016.67 74766.67
46016.67 77450.00
46033.33 59983.33
46033.33 61533.33
46033.33 65050.00
46033.33 65866.67
46033.33 71366.67
46033.33 71916.67
46033.33 73133.33
46033.33 73433.33
46033.33 73700.00
46033.33 74033.33
46033.33 74066.67
46033.33 74200.00
46033.33 74283.33
46033.33 78466.67
46033.33 80600.00
46050.00 64100.00
46050.00 65550.00
46050.00 70516.67
46050.00 71966.67
46050.00 73116.67
46050.00 81783.33
46066.67 61366.67
46066.67 62816.67
46066.67 67683.33
46066.67 72800.00
46066.67 72833.33
46066.67 79116.67
46066.67 79350.00
46083.33 59933.33
46083.33 61416.67
46083.33 64766.67
46083.33 66050.00
46083.33 71300.00
46083.33 73166.67
46083.33 75616.67
46083.33 76050.00
46083.33 78883.33
46100.00 60500.00
46100.00 60750.00
46100.00 63933.33
46100.00 64666.67
46100.00 64750.00
46100.00 77500.00
46100.00 81716.67
46116.67 60216.67
46116.67 60233.33
46116.67 63783.33
46116.67 64950.00
46116.67 67150.00
46116.67 70666.67
46116.67 70683.33
46116.67 74583.33
46133.33 59883.33
46133.33 66600.00
46133.33 67183.33
46133.33 70366.67
46133.33 71216.67
46133.33 74183.33
46133.33 77700.00
46133.33 80433.33
46150.00 60166.67
46150.00 60283.33
46150.00 64183.33
46150.00 67566.67
46166.67 60233.33
46166.67 62650.00
46166.67 62916.67
46166.67 64566.67
46166.67 65883.33
46166.67 71883.33
46166.67 72233.33
46166.67 73416.67
46166.67 77566.67
46166.67 80700.00
46183.33 59866.67
46183.33 61266.67
46183.33 62533.33
46183.33 62883.33
46183.33 72500.00
46183.33 73116.67
46183.33 82333.33
46183.33 82950.00
46200.00 59966.67
46200.00 60250.00
46200.00 62833.33
46200.00 70483.33
46200.00 70766.67
46200.00 74633.33
46200.00 82083.33
46200.00 82666.67
46200.00 83150.00
46216.67 60016.67
46216.67 63466.67
46216.67 63483.33
46216.67 64533.33
46216.67 71083.33
46216.67 71383.33
46216.67 71766.67
46216.67 72433.33
46216.67 72600.00
46216.67 73016.67
46216.67 73533.33
46216.67 77883.33
46216.67 78066.67
46216.67 79366.67
46233.33 60216.67
46233.33 60283.33
46233.33 61283.33
46233.33 62616.67
46233.33 63133.33
46233.33 64533.33
46233.33 66616.67
46233.33 76016.67
46233.33 80866.67
46233.33 83333.33
46250.00 60083.33
46250.00 60616.67
46250.00 63116.67
46250.00 63666.67
46250.00 63700.00
46250.00 65066.67
46250.00 67683.33
46250.00 71516.67
46250.00 72933.33
46250.00 73083.33
46250.00 78283.33
46250.00 81766.67
46250.00 83550.00
46250.00 83883.33
46266.67 66633.33
46266.67 71000.00
46266.67 79033.33
46266.67 81883.33
46283.33 63133.33
46283.33 66733.33
46283.33 72683.33
46283.33 72833.33
46283.33 73366.67
46283.33 74733.33
46283.33 83783.33
46283.33 84033.33
46300.00 60616.67
46300.00 62783.33
46300.00 63216.67
46300.00 64716.67
46300.00 67516.67
46300.00 70866.67
46300.00 72266.67
46300.00 79450.00
46300.00 80800.00
46316.67 72516.67
46316.67 73650.00
46316.67 74216.67
46316.67 78700.00
46333.33 72433.33
46333.33 78833.33
46333.33 79416.67
46333.33 83933.33
46350.00 62250.00
46350.00 62966.67
46350.00 63350.00
46350.00 72550.00
46350.00 80416.67
46366.67 60516.67
46366.67 62866.67
46366.67 63550.00
46366.67 64750.00
46366.67 66566.67
46366.67 70916.67
46366.67 71233.33
46366.67 71616.67
46366.67 72016.67
46366.67 72500.00
46366.67 74766.67
46366.67 74883.33
46366.67 75966.67
46366.67 79933.33
46366.67 81316.67
46366.67 81516.67
46383.33 61066.67
46383.33 71883.33
46383.33 75016.67
46383.33 80816.67
46383.33 82650.00
46400.00 61150.00
46400.00 63783.33
46400.00 66916.67
46400.00 67483.33
46400.00 70500.00
46400.00 74866.67
46400.00 80116.67
46400.00 81166.67
46416.67 62266.67
46416.67 62433.33
46416.67 62566.67
46416.67 62700.00
46416.67 63300.00
46416.67 63816.67
46416.67 71933.33
46416.67 75366.67
46433.33 61100.00
46433.33 62066.67
46433.33 63650.00
46433.33 63866.67
46433.33 64000.00
46433.33 67716.67
46433.33 71016.67
46433.33 72350.00
46433.33 80300.00
46433.33 81150.00
46450.00 63450.00
46450.00 66400.00
46450.00 79883.33
46450.00 81166.67
46466.67 64733.33
46466.67 65250.00
46466.67 67566.67
46466.67 71516.67
46466.67 72533.33
46466.67 81066.67
46483.33 67416.67
46483.33 70200.00
46483.33 70616.67
46483.33 72033.33
46483.33 72666.67
46483.33 80533.33
46483.33 80850.00
46483.33 84066.67
46500.00 72250.00
46500.00 80966.67
46500.00 84333.33
46516.67 66266.67
46516.67 71066.67
46516.67 72750.00
46516.67 75350.00
46516.67 80033.33
46533.33 63683.33
46533.33 64050.00
46533.33 67166.67
46533.33 70766.67
46533.33 72350.00
46533.33 72750.00
46533.33 76033.33
46550.00 61033.33
46550.00 66116.67
46550.00 72100.00
46550.00 72116.67
46550.00 72466.67
46550.00 72733.33
46550.00 75500.00
46550.00 84150.00
46566.67 63933.33
46566.67 70983.33
46566.67 71433.33
46566.67 71833.33
46566.67 72000.00
46566.67 79416.67
46566.67 80816.67
46566.67 80866.67
46583.33 65333.33
46583.33 71616.67
46583.33 72050.00
46583.33 72183.33
46583.33 73083.33
46583.33 80183.33
46583.33 81200.00
46600.00 67733.33
46600.00 70850.00
46616.67 53533.33
46616.67 61016.67
46616.67 65050.00
46616.67 70966.67
46616.67 71733.33
46616.67 71933.33
46616.67 72666.67
46616.67 72733.33
46616.67 72766.67
46633.33 53600.00
46633.33 64866.67
46633.33 71916.67
46633.33 72683.33
46633.33 79016.67
46633.33 80433.33
46633.33 81383.33
46650.00 60966.67
46650.00 65866.67
46650.00 67583.33
46650.00 70800.00
46650.00 71300.00
46650.00 71566.67
46666.67 53083.33
46666.67 64066.67
46666.67 71733.33
46666.67 72133.33
46666.67 73916.67
46666.67 80750.00
46683.33 60366.67
46683.33 64183.33
46683.33 64866.67
46683.33 70016.67
46683.33 70450.00
46683.33 71066.67
46683.33 71716.67
46683.33 71883.33
46683.33 72033.33
46683.33 72716.67
46700.00 64216.67
46700.00 71400.00
46700.00 71583.33
46700.00 72083.33
46700.00 75450.00
46700.00 80916.67
46700.00 81550.00
46716.67 53266.67
46716.67 65416.67
46716.67 70716.67
46716.67 71266.67
46716.67 72566.67
46716.67 79083.33
46716.67 79100.00
46716.67 84133.33
46733.33 53366.67
46733.33 64966.67
46733.33 65833.33
46733.33 67700.00
46733.33 70366.67
46733.33 71266.67
46733.33 75300.00
46750.00 70583.33
46750.00 71233.33
46750.00 71266.67
46750.00 71350.00
46750.00 71700.00
46750.00 71816.67
46750.00 72250.00
46766.67 70950.00
46766.67 71250.00
46766.67 78983.33
46783.33 67500.00
46783.33 70750.00
46783.33 71200.00
46783.33 71300.00
46783.33 71383.33
46783.33 84050.00
46800.00 53650.00
46800.00 54066.67
46800.00 64066.67
46800.00 67716.67
46800.00 70200.00
46800.00 71166.67
46800.00 71250.00
46800.00 71316.67
46800.00 72500.00
46816.67 65800.00
46816.67 71200.00
46816.67 71250.00
46816.67 79583.33
46816.67 80950.00
46833.33 65783.33
46833.33 70850.00
46833.33 71166.67
46850.00 69900.00
46850.00 71183.33
46850.00 71350.00
46850.00 71366.67
46850.00 71616.67
46850.00 72450.00
46850.00 81016.67
46866.67 53616.67
46866.67 55816.67
46866.67 70916.67
46866.67 71266.67
46866.67 71366.67
46866.67 71433.33
46866.67 72383.33
46866.67 75316.67
46883.33 53966.67
46883.33 65516.67
46883.33 70816.67
46883.33 71150.00
46883.33 71166.67
46883.33 71283.33
46883.33 71516.67
46883.33 71833.33
46900.00 55400.00
46900.00 55966.67
46900.00 60466.67
46900.00 65183.33
46900.00 65633.33
46900.00 67383.33
46900.00 71133.33
46900.00 79633.33
46900.00 84600.00
46916.67 53583.33
46916.67 54183.33
46933.33 52966.67
46933.33 55550.00
46933.33 70733.33
46933.33 71466.67
46933.33 74016.67
46950.00 55983.33
46950.00 64033.33
46950.00 65600.00
46950.00 69783.33
46966.67 52966.67
46966.67 53700.00
46966.67 65733.33
46966.67 70550.00
46966.67 70950.00
46966.67 71016.67
46983.33 65550.00
46983.33 65566.67
46983.33 71366.67
46983.33 72183.33
47000.00 60466.67
47000.00 60516.67
47000.00 70816.67
47016.67 52916.67
47016.67 53616.67
47016.67 70933.33
47033.33 65183.33
47033.33 65433.33
47033.33 79266.67
47050.00 55183.33
47050.00 67733.33
47050.00 70850.00
47050.00 70883.33
47066.67 55866.67
47066.67 65383.33
47066.67 79783.33
47083.33 52950.00
47100.00 54066.67
47100.00 55783.33
47100.00 69983.33
47100.00 81933.33
47116.67 53516.67
47116.67 65600.00
47116.67 70183.33
47116.67 70333.33
47116.67 70850.00
47133.33 53500.00
47133.33 54066.67
47133.33 55533.33
47133.33 70766.67
47150.00 55133.33
47166.67 55166.67
47166.67 67916.67
47166.67 72633.33
47183.33 54050.00
47183.33 55050.00
47183.33 79316.67
47200.00 65150.00
47200.00 68833.33
47200.00 70266.67
47200.00 79366.67
47216.67 52850.00
47216.67 53566.67
47216.67 74366.67
47233.33 53966.67
47233.33 55366.67
47233.33 61850.00
47233.33 65050.00
47250.00 52850.00
47250.00 72250.00
47250.00 81466.67
47266.67 54916.67
47283.33 52833.33
47283.33 53883.33
47283.33 54816.67
47283.33 65616.67
47283.33 79333.33
47283.33 79716.67
47300.00 54000.00
47300.00 82100.00
47316.67 53916.67
47316.67 70150.00
47316.67 70183.33
47316.67 70566.67
47333.33 52833.33
47333.33 68666.67
47333.33 69683.33
47333.33 69983.33
47333.33 79433.33
47333.33 79800.00
47333.33 84550.00
47366.67 54916.67
47366.67 61933.33
47366.67 68333.33
47366.67 70033.33
47383.33 53133.33
47383.33 54166.67
47383.33 54783.33
47383.33 61866.67
EOF