36683.33 15133.33
36716.67 14683.33
36716.67 14733.33
36716.67 14850.00
36716.67 15000.00
36716.67 15083.33
36733.33 14800.00
36733.33 15033.33
36733.33 15100.00
36750.00 14633.33
36750.00 14983.33
36766.67 14733.33
36766.67 14800.00
36766.67 15016.67
36766.67 15066.67
36783.33 12033.33
36783.33 14483.33
36783.33 14550.00
36783.33 14700.00
36783.33 14916.67
36783.33 15050.00
36800.00 14983.33
36800.00 15100.00
36816.67 14566.67
36816.67 14950.00
36816.67 14983.33
36833.33 11950.00
36833.33 14516.67
36833.33 15033.33
36850.00 15116.67
36866.67 14466.67
36866.67 14633.33
36866.67 14766.67
36866.67 15133.33
36883.33 14433.33
36883.33 14516.67
36883.33 14566.67
36883.33 14966.67
36883.33 15066.67
36900.00 14916.67
36900.00 15083.33
36900.00 15133.33
36916.67 14633.33
36916.67 14733.33
36933.33 14600.00
36933.33 14966.67
36933.33 15066.67
36950.00 14533.33
36950.00 14800.00
36950.00 14933.33
36950.00 15133.33
36966.67 14750.00
36966.67 14800.00
36966.67 14966.67
36966.67 15183.33
36983.33 14533.33
36983.33 14933.33
36983.33 14966.67
36983.33 15033.33
36983.33 15116.67
36983.33 15233.33
37000.00 14383.33
37033.33 14466.67
37033.33 14700.00
37033.33 15066.67
37050.00 14800.00
37050.00 15050.00
37066.67 14250.00
37066.67 14900.00
37066.67 15300.00
37083.33 14550.00
37083.33 14766.67
37083.33 14883.33
37083.33 15150.00
37083.33 15266.67
37100.00 13933.33
37100.00 14500.00
37100.00 15116.67
37100.00 15216.67
37100.00 15233.33
37100.00 15266.67
37116.67 14933.33
37116.67 15266.67
37133.33 14300.00
37133.33 14733.33
37133.33 14850.00
37133.33 14900.00
37133.33 15016.67
37150.00 14383.33
37150.00 14700.00
37150.00 15033.33
37150.00 15183.33
37166.67 13716.67
37166.67 14750.00
37183.33 13766.67
37183.33 14183.33
37183.33 14233.33
37183.33 14516.67
37183.33 15116.67
37183.33 15166.67
37183.33 15200.00
37200.00 14716.67
37200.00 14900.00
37200.00 14950.00
37216.67 13916.67
37216.67 14633.33
37216.67 14683.33
37216.67 14983.33
37216.67 15216.67
37233.33 14516.67
37233.33 14883.33
37250.00 13783.33
37250.00 13916.67
37250.00 14183.33
37250.00 14816.67
37250.00 14850.00
37250.00 15083.33
37266.67 13583.33
37266.67 13966.67
37266.67 14700.00
37266.67 14750.00
37266.67 14800.00
37266.67 15016.67
37283.33 13533.33
37283.33 13916.67
37283.33 14083.33
37283.33 14366.67
37283.33 14433.33
37283.33 14650.00
37283.33 15000.00
37283.33 15183.33
37300.00 13466.67
37300.00 13783.33
37300.00 13950.00
37300.00 14033.33
37300.00 14216.67
37300.00 14850.00
37300.00 14900.00
37316.67 13550.00
37316.67 13566.67
37316.67 13650.00
37316.67 14450.00
37316.67 14516.67
37316.67 14750.00
37333.33 13383.33
37333.33 13416.67
37333.33 13983.33
37333.33 14616.67
37333.33 14933.33
37350.00 13533.33
37350.00 13766.67
37350.00 13850.00
37350.00 13916.67
37350.00 14800.00
37350.00 14883.33
37366.67 14200.00
37366.67 14816.67
37366.67 14933.33
37366.67 15050.00
37383.33 13350.00
37383.33 13550.00
37383.33 14366.67
37383.33 14616.67
37383.33 14700.00
37400.00 13533.33
37400.00 13616.67
37400.00 13650.00
37400.00 13700.00
37400.00 13733.33
37400.00 15066.67
37416.67 14133.33
37416.67 14450.00
37416.67 14500.00
37416.67 14550.00
37433.33 13400.00
37433.33 13550.00
37433.33 13600.00
37433.33 14066.67
37433.33 14516.67
37433.33 14633.33
37450.00 13466.67
37450.00 13816.67
37450.00 13883.33
37450.00 14683.33
37450.00 14700.00
37466.67 13383.33
37466.67 13533.33
37466.67 13733.33
37466.67 13783.33
37466.67 14466.67
37466.67 14533.33
37466.67 14833.33
37483.33 13866.67
37483.33 13983.33
37483.33 14066.67
37483.33 14466.67
37483.33 14650.00
37500.00 13266.67
37500.00 13666.67
37500.00 13716.67
37500.00 14383.33
37500.00 14616.67
37500.00 14633.33
37500.00 14800.00
37500.00 14900.00
37500.00 15100.00
37516.67 13050.00
37516.67 13283.33
37516.67 13433.33
37516.67 13533.33
37516.67 13733.33
37516.67 14033.33
37516.67 14133.33
37516.67 14966.67
37516.67 15000.00
37516.67 15066.67
37533.33 13650.00
37533.33 13833.33
37533.33 14583.33
37550.00 14583.33
37550.00 14616.67
37550.00 15066.67
37550.00 15133.33
37566.67 12650.00
37566.67 12900.00
37566.67 13216.67
37566.67 13450.00
37566.67 13700.00
37566.67 14266.67
37566.67 14383.33
37566.67 14683.33
37566.67 14750.00
37566.67 14900.00
37566.67 15050.00
37566.67 15100.00
37566.67 15166.67
37583.33 12833.33
37583.33 13283.33
37583.33 13300.00
37583.33 13750.00
37583.33 14033.33
37583.33 14166.67
37583.33 14266.67
37583.33 14650.00
37583.33 14850.00
37583.33 14966.67
37583.33 15116.67
37583.33 15183.33
37600.00 12966.67
37600.00 13283.33
37600.00 13833.33
37600.00 13916.67
37600.00 14466.67
37600.00 14616.67
37600.00 15083.33
37600.00 15116.67
37600.00 15133.33
37616.67 13250.00
37616.67 13433.33
37616.67 13483.33
37616.67 14000.00
37616.67 14016.67
37616.67 14350.00
37616.67 14416.67
37616.67 14583.33
37616.67 14733.33
37616.67 14883.33
37616.67 15016.67
37616.67 15083.33
37616.67 15116.67
37616.67 15166.67
37633.33 12750.00
37633.33 13000.00
37633.33 13633.33
37633.33 13650.00
37633.33 14183.33
37633.33 14383.33
37633.33 14866.67
37633.33 15066.67
37650.00 12583.33
37650.00 13116.67
37650.00 13183.33
37650.00 13833.33
37650.00 14450.00
37650.00 14516.67
37650.00 14633.33
37650.00 15100.00
37650.00 15183.33
37650.00 15200.00
37666.67 13233.33
37666.67 13983.33
37666.67 14683.33
37666.67 14833.33
37666.67 15133.33
37683.33 12483.33
37683.33 12783.33
37683.33 13016.67
37683.33 13266.67
37683.33 13383.33
37683.33 13466.67
37683.33 13600.00
37683.33 13833.33
37683.33 14033.33
37683.33 14250.00
37683.33 14733.33
37683.33 14950.00
37683.33 15100.00
37683.33 15133.33
37700.00 12483.33
37700.00 12500.00
37700.00 12566.67
37700.00 12966.67
37700.00 13250.00
37700.00 13716.67
37700.00 14116.67
37716.67 12483.33
37716.67 12533.33
37716.67 12633.33
37716.67 12883.33
37716.67 13433.33
37716.67 14166.67
37716.67 14533.33
37716.67 14716.67
37716.67 15183.33
37716.67 15233.33
37733.33 12516.67
37733.33 13183.33
37733.33 13700.00
37733.33 14066.67
37733.33 14083.33
37733.33 14100.00
37733.33 15100.00
37733.33 15116.67
37733.33 15133.33
37733.33 15200.00
37750.00 12500.00
37750.00 12516.67
37750.00 12583.33
37750.00 13266.67
37750.00 13600.00
37750.00 13816.67
37750.00 14400.00
37750.00 15133.33
37750.00 15200.00
37766.67 12550.00
37766.67 12666.67
37766.67 12883.33
37766.67 14083.33
37766.67 14116.67
37766.67 14350.00
37766.67 14633.33
37766.67 15183.33
37766.67 15200.00
37783.33 12483.33
37783.33 12533.33
37783.33 12700.00
37783.33 12966.67
37783.33 13000.00
37783.33 13016.67
37783.33 13716.67
37783.33 14033.33
37783.33 14100.00
37783.33 14116.67
37783.33 14600.00
37783.33 14716.67
37783.33 14766.67
37783.33 14833.33
37783.33 15200.00
37800.00 12433.33
37800.00 12483.33
37800.00 12516.67
37800.00 12533.33
37800.00 12816.67
37800.00 13650.00
37800.00 14033.33
37800.00 14083.33
37800.00 14200.00
37800.00 14666.67
37800.00 14800.00
37800.00 14883.33
37800.00 15133.33
37800.00 15200.00
37816.67 12466.67
37816.67 12483.33
37816.67 12500.00
37816.67 12533.33
37816.67 12550.00
37816.67 12600.00
37816.67 12666.67
37816.67 12750.00
37816.67 12800.00
37816.67 13300.00
37816.67 13566.67
37816.67 13633.33
37816.67 13850.00
37816.67 13883.33
37816.67 14000.00
37816.67 14500.00
37816.67 14700.00
37816.67 14716.67
37816.67 14866.67
37816.67 15233.33
37833.33 12516.67
37833.33 12766.67
37833.33 13150.00
37833.33 13483.33
37833.33 13716.67
37833.33 14550.00
37833.33 14600.00
37833.33 14716.67
37833.33 15133.33
37833.33 15283.33
37850.00 12466.67
37850.00 12500.00
37850.00 12516.67
37850.00 12533.33
37850.00 13766.67
37850.00 13900.00
37850.00 14150.00
37850.00 14483.33
37850.00 14566.67
37850.00 14700.00
37850.00 14783.33
37850.00 15216.67
37850.00 15283.33
37866.67 12466.67
37866.67 12483.33
37866.67 12516.67
37866.67 12666.67
37866.67 12816.67
37866.67 13466.67
37866.67 13633.33
37866.67 13783.33
37866.67 14183.33
37866.67 14933.33
37866.67 15033.33
37883.33 12466.67
37883.33 12483.33
37883.33 12600.00
37883.33 12950.00
37883.33 13150.00
37883.33 13366.67
37883.33 14316.67
37883.33 14666.67
37883.33 14833.33
37883.33 14950.00
37883.33 15116.67
37883.33 15316.67
37900.00 12350.00
37900.00 12650.00
37900.00 13100.00
37900.00 13366.67
37900.00 13433.33
37900.00 13466.67
37900.00 13483.33
37900.00 13566.67
37900.00 13816.67
37900.00 15050.00
37900.00 15133.33
37900.00 15300.00
37916.67 12300.00
37916.67 12516.67
37916.67 12866.67
37916.67 13066.67
37916.67 13133.33
37916.67 13533.33
37916.67 13566.67
37916.67 13750.00
37916.67 13933.33
37916.67 14183.33
37916.67 14966.67
37916.67 15066.67
37916.67 15266.67
37916.67 15333.33
37916.67 15350.00
37916.67 15750.00
37916.67 15783.33
37916.67 15983.33
37933.33 12333.33
37933.33 12500.00
37933.33 12533.33
37933.33 12683.33
37933.33 12733.33
37933.33 12966.67
37933.33 13666.67
37933.33 14000.00
37933.33 14083.33
37933.33 14366.67
37933.33 14950.00
37933.33 15000.00
37933.33 15766.67
37933.33 15800.00
37933.33 15850.00
37933.33 15916.67
37933.33 15983.33
37933.33 16050.00
37950.00 12516.67
37950.00 12683.33
37950.00 12700.00
37950.00 13083.33
37950.00 13416.67
37950.00 14466.67
37950.00 15100.00
37950.00 15316.67
37950.00 15350.00
37950.00 15366.67
37950.00 15383.33
37950.00 15700.00
37950.00 15766.67
37950.00 15933.33
37950.00 16066.67
37966.67 12066.67
37966.67 12650.00
37966.67 12683.33
37966.67 12800.00
37966.67 13166.67
37966.67 13183.33
37966.67 13450.00
37966.67 13966.67
37966.67 14283.33
37966.67 14333.33
37966.67 14750.00
37966.67 15183.33
37966.67 15250.00
37966.67 15266.67
37966.67 15283.33
37966.67 15400.00
37966.67 15666.67
37966.67 15683.33
37966.67 15800.00
37966.67 15900.00
37966.67 15983.33
37966.67 16016.67
37966.67 16083.33
37966.67 16100.00
37983.33 12333.33
37983.33 12550.00
37983.33 12633.33
37983.33 12700.00
37983.33 12966.67
37983.33 13333.33
37983.33 13650.00
37983.33 13700.00
37983.33 13883.33
37983.33 14016.67
37983.33 14150.00
37983.33 14233.33
37983.33 14916.67
37983.33 15150.00
37983.33 15233.33
37983.33 15266.67
37983.33 15283.33
37983.33 15316.67
37983.33 15333.33
37983.33 15366.67
37983.33 15416.67
37983.33 15650.00
37983.33 15666.67
37983.33 15733.33
37983.33 15750.00
37983.33 15800.00
37983.33 15816.67
37983.33 15866.67
37983.33 16100.00
38000.00 12733.33
38000.00 13283.33
38000.00 13933.33
38000.00 15100.00
38000.00 15316.67
38000.00 15433.33
38000.00 15700.00
38000.00 15866.67
38000.00 15933.33
38000.00 16033.33
38016.67 12483.33
38016.67 12650.00
38016.67 12733.33
38016.67 12883.33
38016.67 13083.33
38016.67 13583.33
38016.67 14100.00
38016.67 14166.67
38016.67 14183.33
38016.67 14216.67
38016.67 14250.00
38016.67 14350.00
38016.67 14433.33
38016.67 14600.00
38016.67 14666.67
38016.67 14700.00
38016.67 14750.00
38016.67 15000.00
38016.67 15100.00
38016.67 15133.33
38016.67 15183.33
38016.67 15650.00
38016.67 15666.67
38016.67 15766.67
38016.67 15783.33
38016.67 15816.67
38016.67 15833.33
38016.67 15966.67
38016.67 16050.00
38016.67 16083.33
38033.33 12583.33
38033.33 12616.67
38033.33 12666.67
38033.33 12783.33
38033.33 13383.33
38033.33 13450.00
38033.33 13533.33
38033.33 14016.67
38033.33 14466.67
38033.33 14633.33
38033.33 14766.67
38033.33 14816.67
38033.33 15150.00
38033.33 15383.33
38033.33 15416.67
38033.33 15900.00
38033.33 15983.33
38033.33 16033.33
38033.33 16083.33
38033.33 16133.33
38050.00 12633.33
38050.00 12666.67
38050.00 12683.33
38050.00 13000.00
38050.00 13116.67
38050.00 13133.33
38050.00 13233.33
38050.00 13300.00
38050.00 13533.33
38050.00 14583.33
38050.00 14600.00
38050.00 14616.67
38050.00 14633.33
38050.00 14650.00
38050.00 14666.67
38050.00 14883.33
38050.00 14900.00
38050.00 14966.67
38050.00 15000.00
38050.00 15016.67
38050.00 15033.33
38050.00 15100.00
38050.00 15183.33
38050.00 15433.33
38050.00 15466.67
38050.00 15650.00
38050.00 15700.00
38050.00 15750.00
38050.00 15916.67
38050.00 16100.00
38066.67 12550.00
38066.67 12683.33
38066.67 12700.00
38066.67 12816.67
38066.67 13433.33
38066.67 13450.00
38066.67 14633.33
38066.67 14650.00
38066.67 14700.00
38066.67 14733.33
38066.67 14766.67
38066.67 14800.00
38066.67 14983.33
38066.67 15066.67
38066.67 15116.67
38066.67 15200.00
38066.67 15650.00
38066.67 15683.33
38066.67 15916.67
38066.67 15983.33
38066.67 16050.00
38066.67 16133.33
38083.33 12700.00
38083.33 12716.67
38083.33 13150.00
38083.33 13166.67
38083.33 13283.33
38083.33 13333.33
38083.33 13466.67
38083.33 13500.00
38083.33 13516.67
38083.33 14666.67
38083.33 14733.33
38083.33 14750.00
38083.33 14800.00
38083.33 14850.00
38083.33 14883.33
38083.33 14950.00
38083.33 15133.33
38083.33 15166.67
38083.33 15450.00
38083.33 15683.33
38083.33 15733.33
38083.33 15766.67
38083.33 16150.00
38100.00 12700.00
38100.00 12733.33
38100.00 13300.00
38100.00 13533.33
38100.00 14833.33
38100.00 14900.00
38100.00 14950.00
38100.00 15083.33
38100.00 15166.67
38100.00 15200.00
38100.00 15483.33
38100.00 15500.00
38100.00 15650.00
38100.00 15700.00
38100.00 15716.67
38100.00 15883.33
38100.00 16083.33
38100.00 16100.00
38100.00 16133.33
38116.67 13283.33
38116.67 13333.33
38116.67 13366.67
38116.67 14716.67
38116.67 14750.00
38116.67 14783.33
38116.67 14800.00
38116.67 14883.33
38116.67 14950.00
38116.67 15050.00
38116.67 15083.33
38116.67 15116.67
38116.67 15183.33
38116.67 15233.33
38116.67 15483.33
38116.67 15500.00
38116.67 15516.67
38116.67 15683.33
38116.67 15716.67
38116.67 15733.33
38116.67 15850.00
38133.33 12750.00
38133.33 13183.33
38133.33 14733.33
38133.33 14850.00
38133.33 14883.33
38133.33 14966.67
38133.33 15000.00
38133.33 15033.33
38133.33 15150.00
38133.33 15183.33
38133.33 15233.33
38133.33 15350.00
38133.33 15383.33
38133.33 15400.00
38133.33 15483.33
38133.33 15500.00
38133.33 15700.00
38133.33 15716.67
38133.33 15750.00
38133.33 15800.00
38133.33 15883.33
38150.00 13083.33
38150.00 13100.00
38150.00 13166.67
38150.00 14833.33
38150.00 14900.00
38150.00 14950.00
38150.00 15016.67
38150.00 15183.33
38150.00 15200.00
38150.00 15216.67
38150.00 15233.33
38150.00 15283.33
38150.00 15300.00
38150.00 15333.33
38150.00 15350.00
38150.00 15383.33
38150.00 15400.00
38150.00 15416.67
38150.00 15466.67
38150.00 15483.33
38150.00 15500.00
38150.00 15650.00
38150.00 15783.33
38150.00 16066.67
38150.00 16083.33
38150.00 16183.33
38166.67 12750.00
38166.67 13233.33
38166.67 14750.00
38166.67 14866.67
38166.67 14900.00
38166.67 14933.33
38166.67 15200.00
38166.67 15250.00
38166.67 15266.67
38166.67 15283.33
38166.67 15316.67
38166.67 15333.33
38166.67 15366.67
38166.67 15416.67
38166.67 15483.33
38166.67 15516.67
38166.67 15550.00
38166.67 15633.33
38166.67 15650.00
38166.67 15683.33
38166.67 15700.00
38166.67 15733.33
38166.67 15750.00
38166.67 15833.33
38166.67 16116.67
38166.67 16200.00
38183.33 13283.33
38183.33 15216.67
38183.33 15233.33
38183.33 15250.00
38183.33 15266.67
38183.33 15316.67
38183.33 15350.00
38183.33 15366.67
38183.33 15383.33
38183.33 15433.33
38183.33 15483.33
38183.33 15500.00
38183.33 15516.67
38183.33 15533.33
38183.33 15566.67
38183.33 15633.33
38183.33 15716.67
38183.33 15766.67
38183.33 15883.33
38183.33 16050.00
38183.33 16150.00
38183.33 16166.67
38200.00 13250.00
38200.00 13283.33
38200.00 13333.33
38200.00 15233.33
38200.00 15266.67
38200.00 15316.67
38200.00 15333.33
38200.00 15366.67
38200.00 15383.33
38200.00 15416.67
38200.00 15516.67
38200.00 15683.33
38200.00 15733.33
38200.00 16150.00
38200.00 16183.33
38216.67 15233.33
38216.67 15366.67
38216.67 15433.33
38216.67 15500.00
38216.67 15533.33
38216.67 15633.33
38216.67 15650.00
38216.67 15666.67
38216.67 15733.33
38216.67 16050.00
38216.67 16100.00
38216.67 16116.67
38216.67 16200.00
38233.33 15433.33
38233.33 15450.00
38233.33 15466.67
38233.33 15516.67
38233.33 15650.00
38233.33 15783.33
38233.33 15916.67
38233.33 15933.33
38233.33 16100.00
38233.33 16150.00
38233.33 16216.67
38233.33 16233.33
38233.33 16250.00
38233.33 16266.67
38250.00 15433.33
38250.00 15483.33
38250.00 15516.67
38250.00 15600.00
38250.00 15716.67
38250.00 15766.67
38250.00 15783.33
38250.00 15800.00
38250.00 15966.67
38250.00 16233.33
38266.67 15583.33
38266.67 15650.00
38266.67 15800.00
38266.67 15850.00
38266.67 15866.67
38266.67 15883.33
38266.67 15933.33
38266.67 16150.00
38266.67 16216.67
38266.67 16266.67
38266.67 16300.00
38283.33 15533.33
38283.33 15800.00
38283.33 15883.33
38283.33 15900.00
38283.33 15950.00
38283.33 16250.00
38283.33 16266.67
38283.33 16283.33
38283.33 16300.00
38300.00 15550.00
38300.00 15883.33
38300.00 16000.00
38300.00 16033.33
38300.00 16166.67
38300.00 16233.33
38300.00 16333.33
38316.67 15850.00
38316.67 15916.67
38316.67 15983.33
38316.67 16016.67
38316.67 16033.33
38316.67 16200.00
38316.67 16316.67
38316.67 16400.00
38333.33 15866.67
38333.33 15900.00
38333.33 15950.00
38333.33 16250.00
38333.33 16300.00
38333.33 16316.67
38350.00 15850.00
38350.00 15866.67
38350.00 15966.67
38350.00 16016.67
38350.00 16083.33
38350.00 16116.67
38350.00 16166.67
38350.00 16283.33
38350.00 16333.33
38350.00 16466.67
38366.67 15883.33
38366.67 15900.00
38366.67 15983.33
38366.67 16050.00
38366.67 16233.33
38366.67 16283.33
38366.67 16366.67
38383.33 15866.67
38383.33 15883.33
38383.33 15900.00
38383.33 15950.00
38383.33 16033.33
38383.33 16050.00
38383.33 16100.00
38383.33 16116.67
38383.33 16133.33
38383.33 16333.33
38383.33 16400.00
38383.33 16516.67
38400.00 15866.67
38400.00 15950.00
38400.00 15966.67
38400.00 16066.67
38400.00 16533.33
38416.67 14950.00
38416.67 15900.00
38416.67 15950.00
38416.67 16100.00
38416.67 16133.33
38416.67 16300.00
38416.67 16383.33
38416.67 16450.00
38416.67 16466.67
38416.67 16500.00
38433.33 15916.67
38433.33 15966.67
38433.33 16066.67
38433.33 16100.00
38433.33 16333.33
38433.33 16350.00
38433.33 16416.67
38433.33 16433.33
38433.33 16483.33
38433.33 16500.00
38433.33 16550.00
38433.33 16566.67
38450.00 14950.00
38450.00 16083.33
38450.00 16116.67
38450.00 16166.67
38450.00 16383.33
38450.00 16416.67
38450.00 16550.00
38466.67 14950.00
38466.67 15916.67
38466.67 15933.33
38466.67 15950.00
38466.67 16066.67
38466.67 16100.00
38466.67 16450.00
38466.67 16466.67
38483.33 14933.33
38483.33 14950.00
38483.33 14966.67
38483.33 15916.67
38483.33 15966.67
38483.33 16083.33
38483.33 16300.00
38483.33 16383.33
38483.33 16466.67
38483.33 16533.33
38483.33 16566.67
38500.00 14916.67
38500.00 16083.33
38500.00 16383.33
38500.00 16500.00
38516.67 14933.33
38516.67 14950.00
38516.67 16100.00
38516.67 16150.00
38516.67 16316.67
38516.67 16450.00
38533.33 14866.67
38533.33 15983.33
38533.33 16166.67
38533.33 16233.33
38533.33 16250.00
38533.33 16266.67
38533.33 16416.67
38533.33 16450.00
38533.33 16516.67
38550.00 14816.67
38550.00 15933.33
38550.00 15950.00
38550.00 15966.67
38550.00 16166.67
38550.00 16183.33
38550.00 16316.67
38550.00 16366.67
38550.00 16400.00
38566.67 14550.00
38566.67 14566.67
38566.67 14800.00
38566.67 14866.67
38566.67 15933.33
38566.67 15966.67
38566.67 16016.67
38566.67 16033.33
38566.67 16200.00
38566.67 16216.67
38566.67 16516.67
38566.67 16566.67
38583.33 14833.33
38583.33 15883.33
38583.33 15933.33
38583.33 15966.67
38583.33 16000.00
38583.33 16083.33
38583.33 16216.67
38583.33 16233.33
38583.33 16250.00
38583.33 16266.67
38583.33 16333.33
38600.00 15883.33
38600.00 16000.00
38600.00 16066.67
38600.00 16100.00
38600.00 16233.33
38600.00 16516.67
38616.67 13400.00
38616.67 15866.67
38616.67 15900.00
38616.67 16000.00
38616.67 16016.67
38616.67 16050.00
38616.67 16116.67
38616.67 16166.67
38616.67 16333.33
38633.33 15083.33
38633.33 15900.00
38633.33 16050.00
38633.33 16066.67
38633.33 16100.00
38633.33 16250.00
38633.33 16283.33
38633.33 16350.00
38633.33 16383.33
38633.33 16483.33
38633.33 16516.67
38633.33 16533.33
38650.00 15850.00
38650.00 15866.67
38650.00 15900.00
38650.00 15916.67
38650.00 15966.67
38650.00 15983.33
38650.00 16016.67
38650.00 16033.33
38650.00 16100.00
38650.00 16233.33
38650.00 16366.67
38650.00 16450.00
38650.00 16483.33
38666.67 15850.00
38666.67 15866.67
38666.67 15883.33
38666.67 15916.67
38666.67 15950.00
38666.67 16016.67
38666.67 16066.67
38666.67 16100.00
38666.67 16116.67
38666.67 16283.33
38666.67 16350.00
38666.67 16400.00
38666.67 16433.33
38666.67 16483.33
38683.33 15900.00
38683.33 15916.67
38683.33 15933.33
38683.33 16066.67
38683.33 16233.33
38683.33 16283.33
38683.33 16416.67
38683.33 16533.33
38683.33 16550.00
38700.00 13183.33
38700.00 15983.33
38700.00 16016.67
38700.00 16033.33
38700.00 16050.00
38700.00 16100.00
38700.00 16150.00
38700.00 16183.33
38700.00 16466.67
38716.67 16016.67
38716.67 16033.33
38716.67 16116.67
38716.67 16133.33
38716.67 16283.33
38716.67 16366.67
38716.67 16416.67
38716.67 16500.00
38733.33 15983.33
38733.33 16166.67
38733.33 16216.67
38733.33 16500.00
38750.00 16233.33
38750.00 16316.67
38750.00 16450.00
38750.00 16500.00
38766.67 16266.67
38766.67 16450.00
38766.67 16533.33
38766.67 16550.00
38783.33 15183.33
38783.33 16283.33
38783.33 16316.67
38783.33 16450.00
38783.33 16516.67
38783.33 16550.00
38800.00 15233.33
38800.00 16233.33
38800.00 16250.00
38800.00 16333.33
38800.00 16383.33
38800.00 16400.00
38800.00 16583.33
38800.00 16600.00
38816.67 16316.67
38816.67 16333.33
38816.67 16416.67
38816.67 16500.00
38816.67 16516.67
38816.67 16600.00
38833.33 16266.67
38833.33 16333.33
38833.33 16416.67
38833.33 16516.67
38833.33 16533.33
38833.33 16550.00
38850.00 16283.33
38850.00 16333.33
38850.00 16366.67
38850.00 16466.67
38850.00 16566.67
38850.00 16600.00
38850.00 16666.67
38866.67 16233.33
38866.67 16416.67
38866.67 16566.67
38866.67 16600.00
38866.67 16633.33
38866.67 16700.00
38883.33 16216.67
38883.33 16350.00
38883.33 16400.00
38883.33 16483.33
38883.33 16666.67
38883.33 16700.00
38900.00 16250.00
38900.00 16416.67
38900.00 16533.33
38900.00 16583.33
38900.00 16733.33
38900.00 17016.67
38900.00 17100.00
38916.67 16250.00
38916.67 16316.67
38916.67 16366.67
38916.67 16550.00
38916.67 16600.00
38916.67 16716.67
38916.67 16766.67
38916.67 16783.33
38916.67 16800.00
38916.67 17066.67
38916.67 17100.00
38916.67 8766.67
38916.67 8883.33
38918.06 8912.78
38924.44 8919.17
38929.44 8926.94
38933.06 8933.89
38933.33 16500.00
38933.33 16566.67
38933.33 16666.67
38933.33 16683.33
38933.33 16733.33
38933.33 16850.00
38940.00 8941.94
38950.00 16250.00
38950.00 16383.33
38950.00 16433.33
38950.00 16466.67
38950.00 16500.00
38950.00 16633.33
38950.00 16683.33
38950.00 16716.67
38950.00 16783.33
38950.00 16833.33
38950.00 16883.33
38950.00 16916.67
38950.00 17050.00
38950.00 8866.67
38966.67 16166.67
38966.67 16250.00
38966.67 16283.33
38966.67 16366.67
38966.67 16416.67
38966.67 16433.33
38966.67 16483.33
38966.67 16533.33
38966.67 16583.33
38966.67 16750.00
38966.67 16783.33
38966.67 16850.00
38966.67 16866.67
38966.67 17066.67
38966.67 17083.33
38966.67 17100.00
38966.67 17133.33
38966.67 8766.67
38969.17 8970.83
38971.11 8984.72
38983.33 16166.67
38983.33 16200.00
38983.33 16250.00
38983.33 16316.67
38983.33 16333.33
38983.33 16366.67
38983.33 16466.67
38983.33 16583.33
38983.33 16616.67
38983.33 16700.00
38983.33 16783.33
38983.33 16900.00
38983.33 17066.67
38983.33 17116.67
38983.33 8416.67
39000.00 16166.67
39000.00 16233.33
39000.00 16316.67
39000.00 16650.00
39000.00 17083.33
39000.00 8416.67
39001.94 8641.39
39010.00 9001.67
39016.67 16200.00
39016.67 16300.00
39016.67 16350.00
39016.67 16400.00
39016.67 16416.67
39016.67 16450.00
39016.67 16466.67
39016.67 16483.33
39016.67 16566.67
39016.67 16583.33
39016.67 16600.00
39016.67 16716.67
39016.67 16733.33
39016.67 16766.67
39016.67 16866.67
39016.67 17166.67
39023.33 8595.83
39023.61 9022.78
39032.78 8996.39
39033.33 16150.00
39033.33 16233.33
39033.33 16266.67
39033.33 16350.00
39033.33 16833.33
39033.33 16850.00
39033.33 16983.33
39033.33 17083.33
39033.33 17116.67
39033.33 17133.33
39033.33 8566.67
39033.33 8716.67
39048.06 8629.44
39050.00 16183.33
39050.00 16316.67
39050.00 16333.33
39050.00 16350.00
39050.00 16400.00
39050.00 16433.33
39050.00 16450.00
39050.00 16750.00
39050.00 16783.33
39050.00 16833.33
39050.00 8366.67
39050.00 8466.67
39050.00 8733.33
39057.50 8577.78
39064.44 8995.00
39064.44 9009.72
39066.39 8452.22
39066.67 16083.33
39066.67 16116.67
39066.67 16166.67
39066.67 16233.33
39066.67 16266.67
39066.67 16333.33
39066.67 16366.67
39066.67 16416.67
39066.67 16550.00
39066.67 16633.33
39066.67 16800.00
39066.67 16833.33
39066.67 16883.33
39066.67 17016.67
39066.67 8533.33
39070.00 8634.44
39075.00 8665.00
39075.83 8560.00
39083.33 16133.33
39083.33 16150.00
39083.33 16233.33
39083.33 16283.33
39083.33 16366.67
39083.33 16383.33
39083.33 16400.00
39083.33 16500.00
39083.33 16516.67
39083.33 16616.67
39083.33 16800.00
39083.33 16833.33
39083.33 16866.67
39083.33 16983.33
39083.33 17050.00
39083.33 17083.33
39083.33 17133.33
39083.33 8633.33
39083.89 8714.17
39087.78 8797.50
39092.78 8715.83
39098.06 8568.89
39100.00 16100.00
39100.00 16283.33
39100.00 16300.00
39100.00 16400.00
39100.00 16416.67
39100.00 16616.67
39100.00 16800.00
39100.00 16850.00
39100.00 16933.33
39100.00 16950.00
39100.00 17050.00
39100.00 8400.00
39107.50 9506.11
39107.78 8368.61
39110.00 8521.11
39110.00 8598.06
39111.11 8673.61
39112.22 9009.44
39116.67 16166.67
39116.67 16200.00
39116.67 16366.67
39116.67 16383.33
39116.67 16400.00
39116.67 16766.67
39116.67 16783.33
39116.67 16950.00
39116.67 17066.67
39116.67 8550.00
39116.67 8566.67
39118.89 9511.39
39119.17 9520.28
39124.72 9525.00
39127.78 9461.39
39128.33 9506.67
39128.61 9009.17
39128.89 9530.83
39129.44 9507.50
39130.56 9535.83
39131.94 8450.83
39133.33 16066.67
39133.33 16100.00
39133.33 16116.67
39133.33 16233.33
39133.33 16250.00
39133.33 16300.00
39133.33 16316.67
39133.33 16333.33
39133.33 16516.67
39133.33 16750.00
39133.33 16783.33
39133.33 16866.67
39133.33 16900.00
39133.33 17083.33
39136.94 9428.61
39143.06 9013.61
39143.06 9518.61
39145.00 8305.83
39149.17 9394.72
39150.00 16083.33
39150.00 16100.00
39150.00 16133.33
39150.00 16166.67
39150.00 16250.00
39150.00 16300.00
39150.00 16366.67
39150.00 16416.67
39150.00 16433.33
39150.00 16500.00
39150.00 16783.33
39150.00 16916.67
39150.00 17033.33
39150.00 8566.67
39150.00 8683.33
39150.00 8700.00
39150.00 9016.67
39153.06 8740.56
39157.22 8539.17
39159.72 8640.28
39160.28 8610.83
39166.67 16066.67
39166.67 16133.33
39166.67 16150.00
39166.67 16283.33
39166.67 16300.00
39166.67 16316.67
39166.67 16400.00
39166.67 16800.00
39166.67 16816.67
39166.67 16916.67
39166.67 16966.67
39166.67 8650.00
39166.67 9382.50
39167.22 8522.22
39167.50 8675.00
39169.72 8748.33
39172.22 8430.83
39174.44 8971.11
39174.44 9378.89
39183.33 16066.67
39183.33 16083.33
39183.33 16100.00
39183.33 16116.67
39183.33 16316.67
39183.33 16383.33
39183.33 16416.67
39183.33 16433.33
39183.33 16583.33
39183.33 16600.00
39183.33 16633.33
39183.33 16716.67
39183.33 16833.33
39183.33 16866.67
39183.33 17000.00
39183.33 17100.00
39183.33 8566.67
39186.39 8721.11
39191.11 9140.56
39192.50 9343.33
39195.83 9063.33
39196.67 8500.56
39200.00 16066.67
39200.00 16283.33
39200.00 16333.33
39200.00 16366.67
39200.00 16416.67
39200.00 16883.3