2555.56 29800.83
2300.00 29516.67
2166.67 29950.00
2533.33 28900.00
2716.67 29350.00
1694.44 29948.33
2116.67 30050.00
1450.00 30116.67
1600.00 30116.67
2550.00 28933.33
1233.61 30300.83
1383.33 30116.67
1783.33 30250.00
2220.28 29799.17
1633.33 29583.33
1700.00 29550.00
1583.33 29650.00
1856.67 29964.72
1700.00 29550.00
2541.94 29792.78
1300.00 30300.00
2650.00 29716.67
2750.00 29500.00
2300.00 29783.33
1850.00 30266.67
2483.33 29716.67
2620.28 29018.61
2483.33 28896.67
2666.67 29766.67
1650.00 30000.00
2533.33 29633.33
2700.00 29866.67
1516.67 29750.00
2666.67 29016.67
2433.33 29066.67
2266.67 29783.33
2483.33 29016.67
1600.00 30316.67
1333.33 30300.00
1700.00 29266.67
1650.00 29500.00
1750.00 29866.67
1616.67 29366.67
1700.00 29350.00
1600.00 29533.33
1850.00 29933.33
1633.33 29316.67
2489.72 28950.83
1766.67 30200.00
1650.00 29750.00
2433.33 28933.33
2483.33 29050.00
2350.00 29700.00
2566.67 28933.33
2433.33 29833.33
1350.00 30383.33
1500.00 29816.67
1866.67 29950.00
1900.00 29966.67
1433.33 30316.67
1977.78 29796.39
1977.78 29796.39
1766.67 29583.33
1730.00 30174.72
1283.33 30300.00
1416.67 29716.67
1850.00 29633.33
1716.67 29666.67
1800.00 29566.67
1816.67 29916.67
1466.67 30116.67
1728.61 29860.56
1566.67 29850.00
1716.67 29383.33
1566.67 29950.00
1633.33 29683.33
1566.67 29733.33
2423.61 29775.28
1633.33 29666.67
2513.33 29016.67
1883.33 30333.33
1733.33 29683.33
2316.67 29700.00
1970.56 29954.44
1683.33 29833.33
1566.67 29833.33
1566.67 29633.33
2388.61 29609.17
1450.00 29650.00
1616.67 29516.67
1650.00 29266.67
2153.33 30611.39
2583.33 29700.00
1400.00 30250.00
1466.67 29850.00
2666.67 28950.00
1616.67 29750.00
1504.17 29635.83
1483.33 29616.67
2472.50 29731.11
1600.00 29300.00
1733.33 29933.33
1933.33 30250.00
1750.00 29916.67
1650.00 29716.67
1483.33 29833.33
1916.67 29366.67
1666.67 30300.00
2016.67 29883.33
1716.67 29300.00
1633.33 29616.67
2283.33 30216.67
1633.33 29583.33
1516.67 29850.00
1400.00 29733.33
2655.56 29016.94
2400.00 28933.33
1700.00 30216.67
2503.89 28916.67
1883.33 29300.00
1866.67 29300.00
2333.33 29250.00
1483.33 30350.00
1942.78 30121.11
2570.56 28968.06
2316.67 29933.33
2316.67 29250.00
1966.67 29633.33
1783.33 29866.67
1700.00 29650.00
1550.00 29883.33
1533.33 29866.67
1700.00 29683.33
1682.50 29296.94
1566.67 29533.33
1900.00 29650.00
1883.33 29950.00
2450.00 29550.00
2416.67 28983.33
2366.67 29133.33
1800.00 29983.33
1300.00 30233.33
2583.33 28916.67
1476.11 29933.89
2483.33 29566.67
2366.67 30250.00
2666.67 28966.67
2150.00 29650.00
1616.67 29666.67
1716.67 29316.67
2650.00 28900.00
1266.67 30383.33
2283.33 29583.33
1616.67 29366.67
1600.00 29616.67
2500.00 28950.00
2433.33 30166.67
2316.67 29650.00
1483.33 29816.67
2682.78 29774.17
2682.78 29774.17
1528.61 30413.06
1450.00 29550.00
1949.44 30061.11
1566.67 30250.00
2358.06 29738.61
2583.33 29716.67
1783.33 30150.00
1833.33 30033.33
2550.00 29050.00
1600.00 30016.67
1416.67 30150.00
1600.00 30050.00
1739.72 29293.33
1950.00 30016.67
2400.00 29000.00
1666.67 30133.33
1116.67 30383.33
1650.00 30350.00
1400.00 30216.67
1516.67 30250.00
2546.39 28899.17
2068.06 29766.11
2734.44 29640.28
2766.67 29616.67
1433.33 30333.33
2766.67 29683.33
2633.33 29683.33
1583.33 29866.67
2516.67 28933.33
2569.44 29028.06
1633.33 30150.00
2216.67 29866.67
2266.67 29700.00
1800.00 30250.00
2766.67 29683.33
1650.00 30183.33
2766.67 29616.67
1350.00 29750.00
1500.00 30200.00
1800.00 29333.33
1533.33 30416.67
2333.33 29033.33
2358.06 29738.61
2350.00 29666.67
1550.00 30066.67
1783.33 29583.33
1600.00 30250.00
1900.00 29333.33
2429.44 29883.06
1766.67 29933.33
1966.67 29633.33
2083.33 30300.00
2083.33 30300.00
1783.33 30083.33
1783.33 29916.67
2483.33 29566.67
2300.00 29816.67
2516.67 28966.67
1866.67 30166.67
2416.67 28933.33
2783.33 29483.33
1850.00 30083.33
1950.00 29600.00
2585.28 29741.67
1900.00 29350.00
1550.00 29800.00
1850.00 30083.33
2300.00 30150.00
1800.00 29650.00
1650.00 29750.00
1716.67 30233.33
1700.00 29266.67
1550.00 29850.00
1566.67 30216.67
2603.33 29833.61
1171.94 30395.00
1966.67 30166.67
2416.67 29883.33
1916.67 29616.67
2300.00 30166.67
2250.00 29583.33
2533.33 29750.00
2533.33 29750.00
1779.44 29308.33
1733.33 30266.67
2383.33 28983.33
1733.33 30000.00
1800.00 30000.00
2483.33 29666.67
1633.33 30216.67
1716.67 30200.00
1633.33 29716.67
2600.00 29066.67
2266.67 29766.67
2633.33 29766.67
1371.11 30158.33
2344.72 29877.78
2433.33 29683.33
1850.00 29916.67
2383.33 29083.33
2383.33 29083.33
2533.33 28866.67
2283.33 29200.00
2539.72 28940.28
2539.72 28940.28
2383.33 29883.33
1616.67 30200.00
1620.83 29304.44
2316.67 29800.00
1733.33 29650.00
1633.33 29950.00
1666.67 29483.33
1750.00 30183.33
2250.00 30183.33
2116.67 29816.67
2450.00 28966.67
1650.00 29900.00
2350.00 29716.67
1133.33 30383.33
1703.06 30109.44
2633.33 29766.67
1583.33 29683.33
2500.00 29516.67
2265.83 29555.28
2045.00 29841.94
2045.00 29841.94
1383.33 29850.00
1833.33 29616.67
1500.00 29966.67
2516.67 28866.67
1900.00 29366.67
1500.00 30016.67
2566.67 28916.67
2300.00 29150.00
2350.00 30166.67
2500.00 28916.67
1550.00 29733.33
1983.33 30083.33
1790.83 30419.72
1733.33 29550.00
1864.17 29546.39
1650.00 29783.33
1633.33 29833.33
1550.00 30233.33
1400.00 30100.00
2283.33 29166.67
1866.67 29533.33
1600.00 29683.33
2716.67 29700.00
1332.78 30321.39
2466.67 28933.33
2566.67 28950.00
1283.33 30366.67
2700.00 29516.67
1533.33 30066.67
1683.33 30150.00
2533.33 29750.00
2050.00 30116.67
1716.67 29533.33
1883.33 30183.33
2516.67 29566.67
2350.00 29016.67
2433.33 29050.00
1683.33 29900.00
1526.39 30076.94
1731.67 30263.06
2250.00 29650.00
1566.67 29700.00
1516.67 29716.67
1566.67 29700.00
1516.67 30283.33
2400.00 29933.33
2633.33 28966.67
2466.67 28900.00
1800.00 29516.67
2500.28 29849.17
1816.67 29750.00
2333.33 29266.67
2102.78 29952.50
1616.67 30266.67
2366.67 29466.67
1833.33 29616.67
1583.33 29783.33
1183.33 30300.00
1616.67 29316.67
1616.67 29383.33
2666.67 29733.33
2350.00 29100.00
2516.67 29016.67
2266.67 30183.33
2116.67 29683.33
2300.00 29733.33
2000.00 30033.33
2383.33 29150.00
2650.00 29716.67
2750.00 29500.00
1433.33 30316.67
1750.00 29916.67
1550.00 29883.33
2483.33 29566.67
1266.67 30383.33
1416.67 30150.00
1666.67 30133.33
1116.67 30383.33
2734.44 29640.28
1566.67 30216.67
1171.94 30395.00
1866.67 30016.67
2533.33 29750.00
1371.11 30158.33
1400.00 30100.00
1332.78 30321.39
2500.28 29849.17
1600.00 29966.67
2516.67 29316.67
2800.00 29400.00
1082.22 30437.22
2450.00 29550.00
2200.00 30100.00
2641.94 29653.89
1963.89 30038.33
1703.33 29933.61
1900.00 30166.67
1583.33 29950.00
1466.67 30216.67
1533.33 30183.33
1866.67 30016.67
1583.33 30183.33
2583.33 29500.00
1300.00 30216.67
1516.67 29950.00
1966.67 30333.33
2666.67 29416.67
2533.33 29383.33
1450.00 30116.67
1700.00 29950.00
1633.33 29433.33
1600.00 29383.33
1900.00 29600.00
2266.67 30216.67
2366.67 30150.00
2233.33 29650.00
1850.00 29650.00
2525.83 29731.67
2216.67 29566.67
2211.39 30117.22
2100.00 29983.33
1433.33 29683.33
2333.33 29916.67
1833.33 30050.00
1600.00 29966.67
2283.33 29516.67
1583.33 29333.33
2266.67 29850.00
1550.00 29550.00
1883.33 29350.00
2515.00 29679.72
1733.33 30300.00
2666.67 29633.33
1883.33 29516.67
1700.00 29333.33
2266.67 30216.67
2733.33 29833.33
2300.00 29200.00
2300.00 29200.00
2383.33 30150.00
1450.00 30100.00
2054.17 29416.67
1583.33 30350.00
2423.61 29775.28
1866.67 29633.33
2516.67 29316.67
1616.67 29400.00
1933.33 30250.00
2800.00 29400.00
1633.33 29616.67
1082.22 30437.22
2503.89 28916.67
1264.44 30230.00
1264.44 30230.00
2683.33 29783.33
2450.00 29550.00
2200.00 30100.00
1683.33 29900.00
1444.44 30088.61
2466.67 29466.67
2600.00 29433.33
2641.94 29653.89
1750.00 29433.33
1883.33 29466.67
2700.00 29516.67
1833.33 30083.33
2400.00 30133.33
1733.33 30183.33
1433.33 30400.00
1800.00 29650.00
2733.33 29700.00
1750.00 30066.67
1476.11 29933.89
1600.00 29866.67
1700.00 30300.00
2669.17 29462.78
2616.67 29466.67
1896.67 30238.61
2066.67 29733.33
1633.33 30250.00
2533.33 28933.33
1750.00 30033.33
1533.33 29650.00
1950.00 29600.00
1716.67 29633.33
2633.33 28916.67
2311.67 29136.39
1700.00 29883.33
1733.33 29300.00
1476.11 29933.89
1750.00 30016.67
2316.67 29833.33
1650.00 29816.67
1833.33 29383.33
2233.33 29616.67
1433.33 30200.00
1383.33 29800.00
1716.67 29616.67
1566.67 29350.00
1666.67 29500.00
1550.00 29783.33
1550.00 29783.33
1716.67 29300.00
1450.00 29600.00
1446.67 29616.67
1450.00 29566.67
2200.00 30116.67
2200.00 30116.67
1766.67 29550.00
1633.33 29983.33
1750.00 30333.33
1100.00 30400.00
2250.00 29183.33
2616.67 29900.00
1566.67 30150.00
1100.00 30366.67
1816.67 29300.00
2735.00 29695.00
1533.33 29566.67
2075.56 30548.06
2300.00 29550.00
2283.33 29566.67
1950.00 30150.00
1569.44 29675.56
2300.00 29950.00
1963.89 30038.33
1953.61 30060.56
1953.61 30060.56
1370.00 29742.50
2055.56 29349.72
2168.06 30537.50
2100.00 30033.33
2168.06 30537.50
1383.33 30300.00
2366.67 29783.33
2735.00 29695.00
2483.33 29066.67
2483.33 29066.67
2633.33 29000.00
1966.67 29883.33
2714.17 29650.00
1581.94 30046.67
1933.33 30116.67
2366.67 29450.00
1183.33 30400.00
2200.00 30500.00
2266.67 30266.67
1898.61 29850.00
2133.33 30066.67
1703.33 29933.61
1833.33 30183.33
2216.67 29616.67
1933.33 30083.33
1833.33 29366.67
2483.33 29516.67
2350.00 30250.00
2233.33 30250.00
1650.00 29500.00
1766.67 30033.33
1633.33 29833.33
2613.06 29637.78
2432.50 29604.44
1900.00 30166.67
1733.33 29966.67
1666.67 29916.67
1796.11 30191.94
2156.67 30093.33
1633.33 29383.33
1783.33 30033.33
1971.67 30153.61
1900.00 29616.67
1733.33 29316.67
1283.33 30250.00
1694.72 29350.56
1433.33 30050.00
2633.33 29016.67
1616.67 30233.33
2523.06 29035.83
1583.33 29950.00
2016.67 30083.33
1466.67 30283.33
1466.67 30216.67
1066.67 30416.67
2433.33 29866.67
2283.33 29233.33
2266.67 30200.00
1383.33 30350.00
1400.00 30350.00
1566.67 29533.33
1416.67 29850.00
2416.67 28916.67
2200.00 29666.67
1966.67 30216.67
2566.67 28966.67
1500.00 30133.33
1700.00 29283.33
1483.33 30316.67
1700.00 29650.00
1383.33 30316.67
1750.28 29545.83
2017.22 30548.61
1533.33 30183.33
2066.67 29700.00
1616.67 30350.00
1583.33 30316.67
1583.33 29716.67
2166.67 29950.00
1866.67 30016.67
1866.67 30300.00
2333.33 29116.67
2416.67 30116.67
2450.00 29550.00
2433.33 29183.33
1483.33 29900.00
1733.33 29533.33
1700.83 29263.33
1750.00 30383.33
2716.67 29033.33
1583.33 29783.33
1516.67 29800.00
1783.33 29316.67
1601.39 30284.44
1866.67 29933.33
1683.33 30383.33
1896.67 30238.61
2400.00 29800.00
1750.00 29883.33
1616.67 29783.33
1583.33 29916.67
2316.67 29150.00
2066.67 29733.33
1666.67 29800.00
1400.00 30133.33
1800.00 29583.33
1594.72 29942.22
1400.00 29750.00
2074.44 29756.67
1600.00 29933.33
2583.33 28983.33
1783.33 30116.67
1698.06 29928.33
1633.33 29800.00
2683.33 28983.33
1783.33 29883.33
1900.00 30200.00
1583.33 30183.33
2383.33 29750.00
2600.00 29516.67
2583.33 29500.00
2416.67 29900.00
2600.00 29800.00
1700.00 29666.67
2600.00 28900.00
1683.33 29266.67
1850.00 30083.33
2468.89 29567.50
1983.33 30066.67
1466.67 29600.00
2466.67 29000.00
2450.00 29016.67
1750.00 29316.67
1483.33 29700.00
2466.67 28966.67
1850.00 29633.33
2516.67 28900.00
1575.56 29868.06
1300.00 30216.67
2166.67 29950.00
1200.00 30366.67
1416.67 30133.33
1576.67 30239.44
1576.67 30239.44
1608.61 29563.06
1654.17 29669.44
2383.33 29850.00
2750.00 29766.67
1666.67 29883.33
1516.67 29950.00
1433.33 29650.00
1650.00 29450.00
1850.00 30100.00
2600.00 28950.00
2205.83 30239.17
1716.67 30183.33
1716.67 30183.33
1333.33 30383.33
1650.00 29833.33
1550.00 29750.00
1716.67 29566.67
1500.00 29666.67
1316.67 30350.00
1500.00 30100.00
2550.00 28900.00
2483.33 29516.67
1916.67 30250.00
1850.00 30200.00
1800.00 30133.33
1546.67 30238.89
1633.33 29400.00
1450.00 29700.00
2616.67 29016.67
1700.00 29633.33
1683.33 29783.33
1650.00 29683.33
2366.67 29766.67
1966.67 30333.33
2666.67 29416.67
1649.44 29635.56
2392.78 29004.44
2366.67 29016.67
2416.67 29033.33
2533.33 29383.33
1483.33 29650.00
2283.33 29683.33
2400.00 29850.00
1450.00 30116.67
2267.78 29265.28
2283.33 29216.67
2283.33 29533.33
2383.33 29500.00
2400.00 29966.67
2533.33 28883.33
2374.72 29090.56
2550.00 28933.33
2628.06 29751.94
2483.33 28896.67
2316.67 29016.67
1578.61 29688.89
2555.56 29800.83
2300.00 29516.67
2533.33 28900.00
2716.67 29350.00
1694.44 29948.33
2116.67 30050.00
1600.00 30116.67
1233.61 30300.83
1383.33 30116.67
1783.33 30250.00
2220.28 29799.17
1633.33 29583.33
1700.00 29550.00
1583.33 29650.00
1856.67 29964.72
2541.94 29792.78
1300.00 30300.00
2300.00 29783.33
1850.00 30266.67
2483.33 29716.67
2620.28 29018.61
2666.67 29766.67
1650.00 30000.00
2533.33 29633.33
2700.00 29866.67
1516.67 29750.00
2666.67 29016.67
2433.33 29066.67
2266.67 29783.33
2483.33 29016.67
1600.00 30316.67
1333.33 30300.00
1700.00 29266.67
1650.00 29500.00
1750.00 29866.67
1616.67 29366.67
1700.00 29350.00
1600.00 29533.33
1850.00 29933.33
1633.33 29316.67
2489.72 28950.83
1766.67 30200.00
1650.00 29750.00
2433.33 28933.33
2483.33 29050.00
2350.00 29700.00
2566.67 28933.33
2433.33 29833.33
1350.00 30383.33
1500.00 29816.67
1866.67 29950.00
1900.00 29966.67
1766.67 29583.33
1730.00 30174.72
1283.33 30300.00
1416.67 29716.67
1850.00 29633.33
1716.67 29666.67
1800.00 29566.67
1816.67 29916.67
1466.67 30116.67
1728.61 29860.56
1566.67 29850.00
1716.67 29383.33
1566.67 29950.00
1633.33 29683.33
1566.67 29733.33
1633.33 29666.67
2513.33 29016.67
1883.33 30333.33
1733.33 29683.33
2316.67 29700.00
1683.33 29833.33
1566.67 29833.33
1566.67 29633.33
1450.00 29650.00
2388.61 29609.17
1450.00 29650.00
1616.67 29516.67
1650.00 29266.67
2583.33 29700.00
1400.00 30250.00
1466.67 29850.00
2666.67 28950.00
1616.67 29750.00
1483.33 29616.67
1600.00 29300.00
1733.33 29933.33
1933.33 30250.00
1650.00 29716.67
1483.33 29833.33
1916.67 29366.67
1666.67 30300.00
2016.67 29883.33
2016.67 29883.33
1716.67 29300.00
1633.33 29616.67
2283.33 30216.67
1633.33 29583.33
1516.67 29850.00
1400.00 29733.33
2655.56 29016.94
2400.00 28933.33
1700.00 30216.67
2503.89 28916.67
1883.33 29300.00
1866.67 29300.00
2333.33 29250.00
1483.33 30350.00
1942.78 30121.11
2570.56 28968.06
2316.67 29933.33
2316.67 29250.00
1966.67 29633.33
1783.33 29866.67
1700.00 29650.00
1533.33 29866.67
1700.00 29683.33
1682.50 29296.94
1566.67 29533.33
1900.00 29650.00
1883.33 29950.00
2416.67 28983.33
2366.67 29133.33
1800.00 29983.33
1300.00 30233.33
2583.33 28916.67
2366.67 30250.00
2666.67 28966.67
2150.00 29650.00
1616.67 29666.67
1716.67 29316.67
2650.00 28900.00
2283.33 29583.33
1616.67 29366.67
1600.00 29616.67
2500.00 28950.00
2350.00 29666.67
2433.33 30166.67
2316.67 29650.00
1483.33 29816.67
2682.78 29774.17
1528.61 30413.06
1450.00 29550.00
1949.44 30061.11
1566.67 30250.00
1516.67 30250.00
2583.33 29716.67
1833.33 30033.33
1783.33 30150.00
2550.00 29050.00
1600.00 30016.67
1600.00 30050.00
1739.72 29293.33
1950.00 30016.67
2400.00 29000.00
1650.00 30350.00
1400.00 30216.67
1516.67 30250.00
2546.39 28899.17
1433.33 30333.33
2633.33 29683.33
1583.33 29866.67
2516.67 28933.33
2569.44 29028.06
1633.33 30150.00
2216.67 29866.67
2266.67 29700.00
1800.00 30250.00
2766.67 29683.33
1650.00 30183.33
2766.67 29616.67
1350.00 29750.00
1500.00 30200.00
1800.00 29333.33
1533.33 30416.67
2333.33 29033.33
2350.00 29666.67
1550.00 30066.67
1783.33 29583.33
1600.00 30250.00
1900.00 29333.33
1766.67 29933.33
1966.67 29633.33
2083.33 30300.00
1783.33 30083.33
1783.33 29916.67
2300.00 29816.67
2516.67 28966.67
1866.67 30166.67
2416.67 28933.33
2783.33 29483.33
1950.00 29600.00
2585.28 29741.67
1900.00 29350.00
1550.00 29800.00
1850.00 30083.33
2300.00 30150.00
1800.00 29650.00
1650.00 29750.00
1716.67 30233.33
1700.00 29266.67
1550.00 29850.00
1966.67 30166.67
2416.67 29883.33
1916.67 29616.67
2300.00 30166.67
2250.00 29583.33
1779.44 29308.33
1733.33 30266.67
1733.33 30000.00
1800.00 30000.00
2483.33 29666.67
1633.33 30216.67
1716.67 30200.00
1633.33 29716.67
2600.00 29066.67
2266.67 29766.67
2633.33 29766.67
2344.72 29877.78
2433.33 29683.33
1850.00 29916.67
2383.33 29083.33
2533.33 28866.67
2283.33 29200.00
2539.72 28940.28
2383.33 29883.33
1616.67 30200.00
1620.83 29304.44
2316.67 29800.00
1733.33 29650.00
1633.33 29950.00
1666.67 29483.33
1750.00 30183.33
2250.00 30183.33
2116.67 29816.67
2450.00 28966.67
1650.00 29900.00
2350.00 29716.67
1133.33 30383.33
1703.06 30109.44
1583.33 29683.33
2500.00 29516.67
2265.83 29555.28
1383.33 29850.00
1833.33 29616.67
1500.00 29966.67
2516.67 28866.67
1900.00 29366.67
1500.00 30016.67
2383.33 28983.33
2566.67 28916.67
2300.00 29150.00
2350.00 30166.67
2500.00 28916.67
1550.00 29733.33
1983.33 30083.33
1790.83 30419.72
1733.33 29550.00
1864.17 29546.39
1650.00 29783.33
1633.33 29833.33
1550.00 30233.33
2283.33 29166.67
1866.67 29533.33
1600.00 29683.33
2716.67 29700.00
2466.67 28933.33
2566.67 28950.00
1283.33 30366.67
2700.00 29516.67
1533.33 30066.67
1683.33 30150.00
2050.00 30116.67
1716.67 29533.33
1883.33 30183.33
2516.67 29566.67
2350.00 29016.67
2433.33 29050.00
1683.33 29900.00
1526.39 30076.94
1731.67 30263.06
2250.00 29650.00
1566.67 29700.00
1516.67 29716.67
1516.67 30283.33
2400.00 29933.33
2633.33 28966.67
2466.67 28900.00
1800.00 29516.67
1816.67 29750.00
2333.33 29266.67
1616.67 30266.67
2366.67 29466.67
1833.33 29616.67
1583.33 29783.33
1183.33 30300.00
1616.67 29316.67
1616.67 29383.33
2666.67 29733.33
2350.00 29100.00
2516.67 29016.67
2266.67 30183.33
2116.67 29683.33
2300.00 29733.33
2000.00 30033.33
2383.33 29150.00
1633.33 29433.33
1600.00 29383.33
1900.00 29600.00
2366.67 30150.00
2233.33 29650.00
1850.00 29650.00
2525.83 29731.67
2216.67 29566.67
2211.39 30117.22
1433.33 29683.33
2333.33 29916.67
1833.33 30050.00
2283.33 29516.67
1583.33 29333.33
2266.67 29850.00
1550.00 29550.00
1883.33 29350.00
1733.33 30300.00
2666.67 29633.33
1883.33 29516.67
1700.00 29333.33
2266.67 30216.67
2733.33 29833.33
2300.00 29200.00
2383.33 30150.00
1450.00 30100.00
1583.33 30350.00
1866.67 29633.33
1616.67 29400.00
1264.44 30230.00
2683.33 29783.33
1683.33 29900.00
1444.44 30088.61
2466.67 29466.67
2600.00 29433.33
1750.00 29433.33
1883.33 29466.67
1833.33 30083.33
2400.00 30133.33
1733.33 30183.33
1433.33 30400.00
1800.00 29650.00
2733.33 29700.00
1750.00 30066.67
1600.00 29866.67
1700.00 30300.00
2616.67 29466.67
1633.33 30250.00
2533.33 28933.33
1750.00 30033.33
1533.33 29650.00
1950.00 29600.00
1716.67 29633.33
2633.33 28916.67
2311.67 29136.39
1700.00 29883.33
1733.33 29300.00
1750.00 30016.67
2316.67 29833.33
1650.00 29816.67
1833.33 29383.33
2233.33 29616.67
1433.33 30200.00
1383.33 29800.00
1716.67 29616.67
1566.67 29350.00
1666.67 29500.00
1550.00 29783.33
1716.67 29300.00
1450.00 29600.00
1450.00 29566.67
2200.00 30116.67
1766.67 29550.00
1633.33 29983.33
1750.00 30333.33
1100.00 30400.00
2616.67 29900.00
1566.67 30150.00
1100.00 30366.67
1816.67 29300.00
2735.00 29695.00
1533.33 29566.67
2300.00 29550.00
2283.33 29566.67
1950.00 30150.00
1569.44 29675.56
2300.00 29950.00
1370.00 29742.50
2100.00 30033.33
1383.33 30300.00
2366.67 29783.33
2483.33 29066.67
2633.33 29000.00
1966.67 29883.33
2714.17 29650.00
1581.94 30046.67
1933.33 30116.67
2366.67 29450.00
1183.33 30400.00
2200.00 30500.00
2266.67 30266.67
2133.33 30066.67
1833.33 30183.33
2216.67 29616.67
1933.33 30083.33
1833.33 29366.67
2350.00 30250.00
2233.33 30250.00
1650.00 29500.00
1766.67 30033.33
1633.33 29833.33
2613.06 29637.78
2432.50 29604.44
1733.33 29966.67
1666.67 29916.67
1796.11 30191.94
2156.67 30093.33
1633.33 29383.33
1783.33 30033.33
1971.67 30153.61
1900.00 29616.67
1733.33 29316.67
1283.33 30250.00
1694.72 29350.56
1433.33 30050.00
2633.33 29016.67
1616.67 30233.33
2523.06 29035.83
2016.67 30083.33
1466.67 30283.33
1066.67 30416.67
2433.33 29866.67
2283.33 29233.33
2266.67 30200.00
1383.33 30350.00
1400.00 30350.00
1566.67 29533.33
1416.67 29850.00
2416.67 28916.67
2200.00 29666.67
1966.67 30216.67
2566.67 28966.67
1500.00 30133.33
1700.00 29283.33
1483.33 30316.67
1700.00 29650.00
1383.33 30316.67
2066.67 29700.00
1616.67 30350.00
1583.33 30316.67
1583.33 29716.67
2166.67 29950.00
1866.67 30300.00
2333.33 29116.67
2416.67 30116.67
2433.33 29183.33
1483.33 29900.00
1733.33 29533.33
1700.83 29263.33
1750.00 30383.33
2716.67 29033.33
1583.33 29783.33
1516.67 29800.00
1783.33 29316.67
1601.39 30284.44
1866.67 29933.33
1683.33 30383.33
1896.67 30238.61
2400.00 29800.00
1750.00 29883.33
1616.67 29783.33
1583.33 29916.67
2316.67 29150.00
2066.67 29733.33
1666.67 29800.00
1400.00 30133.33
1800.00 29583.33
1594.72 29942.22
1400.00 29750.00
1600.00 29933.33
2583.33 28983.33
1783.33 30116.67
1698.06 29928.33
1633.33 29800.00
2683.33 28983.33
1783.33 29883.33
1900.00 30200.00
2383.33 29750.00
2600.00 29516.67
2416.67 29900.00
2600.00 29800.00
1700.00 29666.67
2600.00 28900.00
1683.33 29266.67
1983.33 30066.67
1466.67 29600.00
2466.67 29000.00
2450.00 29016.67
1750.00 29316.67
1483.33 29700.00
2466.67 28966.67
1850.00 29633.33
2516.67 28900.00
1575.56 29868.06
1200.00 30366.67
1416.67 30133.33
1608.61 29563.06
2383.33 29850.00
2750.00 29766.67
1666.67 29883.33
1433.33 29650.00
1650.00 29450.00
1850.00 30100.00
2600.00 28950.00
2205.83 30239.17
1716.67 30183.33
1333.33 30383.33
1650.00 29833.33
1550.00 29750.00
1716.67 29566.67
1500.00 29666.67
1316.67 30350.00
1500.00 30100.00
2550.00 28900.00
2483.33 29516.67
1916.67 30250.00
1850.00 30200.00
1800.00 30133.33
1546.67 30238.89
1633.33 29400.00
1450.00 29700.00
2616.67 29016.67
1700.00 29633.33
1683.33 29783.33
1650.00 29683.33
2366.67 29766.67
1649.44 29635.56
2392.78 29004.44
2366.67 29016.67
2416.67 29033.33
1483.33 29650.00
2283.33 29683.33
2400.00 29850.00
2267.78 29265.28
2283.33 29216.67
2283.33 29533.33
2383.33 29500.00
2400.00 29966.67
2533.33 28883.33
2550.00 28933.33
2628.06 29751.94
2316.67 29016.67
1578.61 29688.89
2700.00 29600.00
2466.67 29850.00
1416.67 30116.67
1650.00 29733.33
1266.67 30266.67
1416.67 29816.67
1687.22 30018.33
2683.33 29733.33
1166.67 30316.67
1466.67 30050.00
1883.33 29616.67
1379.17 29735.83
1400.00 29833.33
1483.33 29900.00
1700.00 29666.67
2333.33 29087.22
2650.00 28950.00
1866.67 30100.00
1583.33 29733.33
1550.00 29950.00
1666.67 29933.33
1333.33 30166.67
2600.00 28916.67
1633.33 29316.67
1666.67 29700.00
2316.67 29816.67
2583.33 29033.33
2700.00 29650.00
2450.00 29000.00
1733.33 29850.00
1595.00 29320.00
1683.33 30050.00
1733.33 30033.33
1600.00 29316.67
1333.33 30283.33
1450.00 29883.33
1716.67 30000.00
1583.33 29383.33
1616.67 29733.33
1900.00 29300.00
1883.33 29300.00
2616.67 28916.67
2333.33 29016.67
2433.33 29766.67
2583.33 29050.00
2433.33 28983.33
1450.00 30183.33
1633.33 29300.00
1683.33 30500.00
1483.33 29933.33
1750.28 30332.78
1916.67 29966.67
2433.33 29883.33
1750.00 29316.67
2683.33 29650.00
2400.00 29050.00
2433.33 29450.00
1483.33 29850.00
1750.00 29633.33
1683.33 29516.67
2066.67 30283.33
1633.33 29366.67
2433.33 28966.67
2483.33 28983.33
1466.67 30233.33
1450.00 30433.33
1683.33 29350.00
1933.33 30233.33
2700.00 29600.00
1700.00 29550.00
2466.67 29850.00
1576.11 30067.50
1416.67 30116.67
1650.00 29733.33
1266.67 30266.67
1700.00 29950.00
1683.33 30500.00
2596.67 29739.44
1416.67 29816.67
1687.22 30018.33
2683.33 29733.33
1166.67 30316.67
1466.67 30050.00
1883.33 29616.67
1379.17 29735.83
1400.00 29833.33
2597.22 29738.89
1483.33 29900.00
1700.00 29666.67
2333.33 29087.22
2650.00 28950.00
1866.67 30100.00
1583.33 29733.33
1550.00 29950.00
1666.67 29933.33
1333.33 30166.67
2600.00 28916.67
1633.33 29316.67
1666.67 29700.00
2316.67 29816.67
2583.33 29033.33
2700.00 29650.00
2450.00 29000.00
1733.33 29850.00
1595.00 29320.00
1683.33 30050.00
1733.33 30033.33
1600.00 29316.67
1333.33 30283.33
1450.00 29883.33
1450.00 29883.33
1716.67 30000.00
1583.33 29383.33
1616.67 29733.33
1900.00 29300.00
1883.33 29300.00
2616.67 28916.67
2333.33 29016.67
2433.33 29766.67
2583.33 29050.00
2433.33 28983.33
1450.00 30183.33
1633.33 29300.00
1683.33 30500.00
2016.67 29883.33
1483.33 29933.33
1750.28 30332.78
1916.67 29966.67
2433.33 29883.33
1750.00 29316.67
1576.11 30067.50
2683.33 29650.00
2400.00 29050.00
2433.33 29450.00
1483.33 29850.00
2177.78 30528.61
1750.00 29633.33
1683.33 29516.67
2066.67 30283.33
1633.33 29366.67
2433.33 28966.67
2483.33 28983.33
1466.67 30233.33
1450.00 30433.33
1683.33 29350.00
1933.33 30233.33
2433.33 29183.33
2597.22 29738.89
1550.00 29866.67
1666.67 29983.33
1813.61 29492.50
1884.44 29353.06
1700.83 29417.50
1584.72 29412.50
1574.17 29352.50
1626.67 29343.06
1542.22 29383.06
1433.89 29648.33
1397.50 29708.61
1407.50 29681.67
1405.83 29736.94
1473.33 29991.67
1485.56 29849.17
1392.22 29829.72
2541.11 28918.61
2162.78 29300.56
2769.17 29455.28
2642.22 29607.50
1393.06 30513.61
1371.67 30461.11
1896.67 30238.61
1740.28 30391.94
2202.22 30283.33
2464.44 29591.94
2383.33 28983.33
2464.72 29923.33
2580.83 29711.67
2660.56 29690.28
2669.44 29847.22
2732.22 29855.56
2751.67 29492.50
2717.78 29534.44
2687.50 29558.61
2591.67 29500.56
2517.22 29482.78
2459.17 29564.72
2461.39 29659.44
2413.33 29445.56
2336.39 29533.33
2360.28 29444.17
2328.33 29530.28
2646.94 29009.44
2616.39 28940.00
2533.89 28893.89
2479.44 28924.44
2437.78 28922.22
2304.72 29208.89
2343.33 29103.33
2075.83 29357.78
2195.56 29241.39
2254.72 29336.94
2185.56 29511.94
2157.50 29549.72
2046.67 29596.94
1958.89 29387.22
2268.61 29704.17
2229.44 29650.00
2257.50 29791.11
2222.50 29859.44
2160.00 29728.89
2058.89 29727.50
1997.78 29697.22
1946.39 29898.89
1894.72 29752.50
1877.78 29753.06
1840.28 29686.94
1607.50 29331.11
1598.89 29382.22
1660.28 29519.44
1697.78 29560.83
1765.56 29549.72
1811.39 29628.06
1937.50 29621.39
1590.83 29521.11
1620.83 29631.67