85
932
29
43
738
362
910
912
570
643
538
930
510
683
23
23
23
23
23
23
23
872
824
939
882
33
988
129
671
976
806
37
958
255
963
397
903
168
813
210
186
395
897
796
461
877
516
174
624
800
348
15
258
250
408
965
802
987
820
470
235
212
512
481
539
95
425
879
812
644
657
968
550
828
172
863
845
831
993
848
623
227
633
77
435
770
57
876
191
105
766
219
137
784
984
608
471
418
611
852
376
866
636
2
928
439
519
547
973
152
834
935
559
826
575
886
311
139
9
7
756
109
686
371
38
627
358
71
617
572
638
919
913
594
53
407
84
899
556
469
606
936
340
170
243
349
871
748
486
983
240
203
301
996
288
409
560
406
890
673
466
884
712
750
194
306
791
543
171
590
392
92
692
819
498
991
1
924
47
862
527
619
552
503
49
639
493
534
264
653
663
844
245
568
676
889
79
713
563
788
100
472
754
300
990
760
561
443
581
816
962
546
994
474
297
981
615
220
772
885
769
206
62
60
165
429
291
52
253
89
739
70
259
728
347
179
119
132
187
326
717
669
535
80
196
714
121
110
817
780
114
482
926
665
744
925
737
140
106
341
16
133
967
346
260
595
573
497
142
66
591
42
495
160
833
112
284
616
123
637
659
200
125
837
896
767
308
354
350
410
954
656
743
450
434
672
507
668
97
22
360
446
857
779
127
763
63
298
394
307
34
730
204
415
549
51
580
314
530
464
887
237
703
414
722
603
667
251
635
463
90
489
977
487
499
622
332
150
473
974
597
74
273
193
316
941
379
252
91
99
426
868
720
356
771
662
508
283
280
337
61
319
900
424
175
895
574
151
634
997
666
586
598
807
718
390
402
31
918
257
629
380
641
261
366
640
329
660
267
157
815
225
565
601
589
934
161
892
630
970
343
361
929
338
829
982
27
960
555
155
778
218
873
916
359
113
599
726
195
98
363
670
749
76
742
335
423
428
39
949
433
823
223
494
317
764
697
999
231
334
814
532
108
67
952
403
980
177
323
731
234
320
855
182
998
774
145
321
972
312
467
620
374
388
773
158
607
569
342
480
399
907
412
514
153
126
460
72
679
228
368
149
180
646
292
502
801
835
506
898
490
707
843
566
705
96
417
215
369
986
131
694
455
475
164
888
122
649
761
269
675
8
551
310
101
431
229
130
518
305
328
851
648
684
205
783
618
579
711
278
953
805
492
790
54
821
698
248
421
651
782
325
775
304
26
614
344
874
124
584
327
148
64
736
181
531
943
677
242
553
759
746
19
256
524
578
758
558
658
178
457
238
631
44
798
803
271
246
351
894
396
315
911
809
309
345
854
964
650
438
691
789
393
233
138
914
544
454
645
838
751
36
154
303
696
143
978
517
701
420
201
293
921
950
562
24
957
202
642
213
400
209
915
985
146
5
93
680
706
922
567
948
927
933
432
3
931
825
583
451
592
719
478
979
385
458
333
263
436
387
324
859
704
609
491
765
840
875
787
357
716
266
822
199
946
208
188
724
588
654
102
687
818
995
971
715
685
846
940
198
740
169
419
693
723
541
830
904
94
32
632
577
55
485
449
384
289
25
593
116
955
505
522
870
214
533
732
69
557
785
197
162
488
861
398
249
655
232
526
690
282
721
626
741
176
416
173
729
906
864
444
681
120
365
811
727
585
331
540
50
479
1000
41
735
141
793
287
483
509
917
462
166
528
272
83
504
786
355
452
353
437
134
183
733
909
989
975
21
117
10
839
87
757
465
678
682
699
370
6
14
58
20
290
189
880
372
86
427
587
808
147
923
40
364
30
664
192
46
920
184
294
762
652
453
448
969
582
226
224
11
858
222
156
230
405
330
794
777
413
73
605
951
104
18
496
299
236
536
610
239
768
944
647
902
476
966
352
604
625
383
285
596
281
810
389
836
12
628
254
571
865
45
542
612
745
781
613
500
842
477
484
367
797
938
190
381
276
128
274
422
375
860
621
937
56
262
956
377
279
891
942
468
525
752
708
881
13
411
382
441
270
81
959
901
447
68
404
792
869
513
992
710
136
878
709
135
115
78
277
523
688
847
883
221
430
336
302
65
689
386
511
17
440
167
318
841
265
945
856
755
725
207
849
867
35
48
893
107
804
211
576
548
103
961
111
88
521
795
564
296
59
529
339
908
905
378
456
545
702
159
832
674
216
661
313
501
537
82
322
241
700
520
947
144
295
445
163
4
776
459
286
734
853
247
850
695
118
442
217
753
268
515
28
185
600
602
401
75
244
747
827
799
554
391
275
373